  3.8000000e+002  4.2400000e-001
  3.8200000e+002  4.3200000e-001
  3.8400000e+002  4.4000000e-001
  3.8600000e+002  4.4800000e-001
  3.8800000e+002  4.5600000e-001
  3.9000000e+002  4.6400000e-001
  3.9200000e+002  5.1100000e-001
  3.9400000e+002  5.5900000e-001
  3.9600000e+002  6.0700000e-001
  3.9800000e+002  6.5400000e-001
  4.0000000e+002  7.0200000e-001
  4.0200000e+002  7.1700000e-001
  4.0400000e+002  7.3200000e-001
  4.0600000e+002  7.4700000e-001
  4.0800000e+002  7.6100000e-001
  4.1000000e+002  7.7600000e-001
  4.1200000e+002  7.8000000e-001
  4.1400000e+002  7.8300000e-001
  4.1600000e+002  7.8600000e-001
  4.1800000e+002  7.9000000e-001
  4.2000000e+002  7.9300000e-001
  4.2200000e+002  7.8100000e-001
  4.2400000e+002  7.7000000e-001
  4.2600000e+002  7.5900000e-001
  4.2800000e+002  7.4700000e-001
  4.3000000e+002  7.3600000e-001
  4.3200000e+002  7.6700000e-001
  4.3400000e+002  7.9700000e-001
  4.3600000e+002  8.2800000e-001
  4.3800000e+002  8.5900000e-001
  4.4000000e+002  8.9000000e-001
  4.4200000e+002  9.1100000e-001
  4.4400000e+002  9.3100000e-001
  4.4600000e+002  9.5200000e-001
  4.4800000e+002  9.7300000e-001
  4.5000000e+002  9.9300000e-001
  4.5200000e+002  9.9500000e-001
  4.5400000e+002  9.9600000e-001
  4.5600000e+002  9.9700000e-001
  4.5800000e+002  9.9900000e-001
  4.6000000e+002  1.0000000e+000
  4.6200000e+002  9.9500000e-001
  4.6400000e+002  9.9000000e-001
  4.6600000e+002  9.8500000e-001
  4.6800000e+002  9.8000000e-001
  4.7000000e+002  9.7500000e-001
  4.7200000e+002  9.7700000e-001
  4.7400000e+002  9.7900000e-001
  4.7600000e+002  9.8000000e-001
  4.7800000e+002  9.8200000e-001
  4.8000000e+002  9.8400000e-001
  4.8200000e+002  9.7200000e-001
  4.8400000e+002  9.6000000e-001
  4.8600000e+002  9.4800000e-001
  4.8800000e+002  9.3600000e-001
  4.9000000e+002  9.2400000e-001
  4.9200000e+002  9.2500000e-001
  4.9400000e+002  9.2600000e-001
  4.9600000e+002  9.2700000e-001
  4.9800000e+002  9.2700000e-001
  5.0000000e+002  9.2800000e-001
  5.0200000e+002  9.2600000e-001
  5.0400000e+002  9.2300000e-001
  5.0600000e+002  9.2000000e-001
  5.0800000e+002  9.1800000e-001
  5.1000000e+002  9.1500000e-001
  5.1200000e+002  9.1000000e-001
  5.1400000e+002  9.0500000e-001
  5.1600000e+002  9.0000000e-001
  5.1800000e+002  8.9500000e-001
  5.2000000e+002  8.9000000e-001
  5.2200000e+002  8.9500000e-001
  5.2400000e+002  9.0000000e-001
  5.2600000e+002  9.0400000e-001
  5.2800000e+002  9.0900000e-001
  5.3000000e+002  9.1400000e-001
  5.3200000e+002  9.0900000e-001
  5.3400000e+002  9.0300000e-001
  5.3600000e+002  8.9800000e-001
  5.3800000e+002  8.9200000e-001
  5.4000000e+002  8.8600000e-001
  5.4200000e+002  8.8600000e-001
  5.4400000e+002  8.8500000e-001
  5.4600000e+002  8.8500000e-001
  5.4800000e+002  8.8400000e-001
  5.5000000e+002  8.8300000e-001
  5.5200000e+002  8.7700000e-001
  5.5400000e+002  8.7000000e-001
  5.5600000e+002  8.6300000e-001
  5.5800000e+002  8.5600000e-001
  5.6000000e+002  8.4900000e-001
  5.6200000e+002  8.4300000e-001
  5.6400000e+002  8.3700000e-001
  5.6600000e+002  8.3000000e-001
  5.6800000e+002  8.2400000e-001
  5.7000000e+002  8.1800000e-001
  5.7200000e+002  8.1700000e-001
  5.7400000e+002  8.1600000e-001
  5.7600000e+002  8.1500000e-001
  5.7800000e+002  8.1400000e-001
  5.8000000e+002  8.1300000e-001
  5.8200000e+002  8.0100000e-001
  5.8400000e+002  7.8900000e-001
  5.8600000e+002  7.7700000e-001
  5.8800000e+002  7.6500000e-001
  5.9000000e+002  7.5300000e-001
  5.9200000e+002  7.5500000e-001
  5.9400000e+002  7.5800000e-001
  5.9600000e+002  7.6000000e-001
  5.9800000e+002  7.6200000e-001
  6.0000000e+002  7.6400000e-001
  6.0200000e+002  7.6400000e-001
  6.0400000e+002  7.6300000e-001
  6.0600000e+002  7.6200000e-001
  6.0800000e+002  7.6200000e-001
  6.1000000e+002  7.6100000e-001
  6.1200000e+002  7.5800000e-001
  6.1400000e+002  7.5400000e-001
  6.1600000e+002  7.5100000e-001
  6.1800000e+002  7.4800000e-001
  6.2000000e+002  7.4500000e-001
  6.2200000e+002  7.3700000e-001
  6.2400000e+002  7.3000000e-001
  6.2600000e+002  7.2200000e-001
  6.2800000e+002  7.1500000e-001
  6.3000000e+002  7.0700000e-001
  6.3200000e+002  7.0800000e-001
  6.3400000e+002  7.0900000e-001
  6.3600000e+002  7.0900000e-001
  6.3800000e+002  7.1000000e-001
  6.4000000e+002  7.1100000e-001
  6.4200000e+002  7.0500000e-001
  6.4400000e+002  6.9800000e-001
  6.4600000e+002  6.9200000e-001
  6.4800000e+002  6.8600000e-001
  6.5000000e+002  6.8000000e-001
  6.5200000e+002  6.8000000e-001
  6.5400000e+002  6.8000000e-001
  6.5600000e+002  6.8100000e-001
  6.5800000e+002  6.8100000e-001
  6.6000000e+002  6.8100000e-001
  6.6200000e+002  6.8500000e-001
  6.6400000e+002  6.8800000e-001
  6.6600000e+002  6.9200000e-001
  6.6800000e+002  6.9500000e-001
  6.7000000e+002  6.9900000e-001
  6.7200000e+002  6.9200000e-001
  6.7400000e+002  6.8500000e-001
  6.7600000e+002  6.7900000e-001
  6.7800000e+002  6.7200000e-001
  6.8000000e+002  6.6500000e-001
  6.8200000e+002  6.5000000e-001
  6.8400000e+002  6.3600000e-001
  6.8600000e+002  6.2100000e-001
  6.8800000e+002  6.0700000e-001
  6.9000000e+002  5.9200000e-001
  6.9200000e+002  5.9500000e-001
  6.9400000e+002  5.9900000e-001
  6.9600000e+002  6.0200000e-001
  6.9800000e+002  6.0500000e-001
  7.0000000e+002  6.0800000e-001
  7.0200000e+002  6.1300000e-001
  7.0400000e+002  6.1800000e-001
  7.0600000e+002  6.2200000e-001
  7.0800000e+002  6.2700000e-001
  7.1000000e+002  6.3200000e-001
  7.1200000e+002  6.1000000e-001
  7.1400000e+002  5.8800000e-001
  7.1600000e+002  5.6700000e-001
  7.1800000e+002  5.4500000e-001
  7.2000000e+002  5.2300000e-001
  7.2200000e+002  5.3700000e-001
  7.2400000e+002  5.5100000e-001
  7.2600000e+002  5.6500000e-001
  7.2800000e+002  5.8000000e-001
  7.3000000e+002  5.9400000e-001
