  1.0000000e+008  1.8006492e-001  2.6352349e-001 -2.4342099e-001
  1.0000000e+006  1.8012013e-001  2.6374983e-001 -2.4443454e-001
  5.0000000e+005  1.8017661e-001  2.6398041e-001 -2.4548344e-001
  3.3333333e+005  1.8023382e-001  2.6421295e-001 -2.4655767e-001
  2.5000000e+005  1.8029176e-001  2.6444744e-001 -2.4765730e-001
  2.0000000e+005  1.8035045e-001  2.6468388e-001 -2.4878240e-001
  1.6666667e+005  1.8040989e-001  2.6492224e-001 -2.4993306e-001
  1.4285714e+005  1.8047009e-001  2.6516253e-001 -2.5110935e-001
  1.2500000e+005  1.8053105e-001  2.6540473e-001 -2.5231133e-001
  1.1111111e+005  1.8059279e-001  2.6564882e-001 -2.5353909e-001
  1.0000000e+005  1.8065530e-001  2.6589480e-001 -2.5479268e-001
  9.0909091e+004  1.8071861e-001  2.6614266e-001 -2.5607218e-001
  8.3333333e+004  1.8078272e-001  2.6639237e-001 -2.5737766e-001
  7.6923077e+004  1.8084763e-001  2.6664393e-001 -2.5870918e-001
  7.1428571e+004  1.8091336e-001  2.6689732e-001 -2.6006680e-001
  6.6666667e+004  1.8097991e-001  2.6715253e-001 -2.6145058e-001
  6.2500000e+004  1.8104729e-001  2.6740954e-001 -2.6286059e-001
  5.8823529e+004  1.8111550e-001  2.6766834e-001 -2.6429688e-001
  5.5555556e+004  1.8118456e-001  2.6792892e-001 -2.6575951e-001
  5.2631579e+004  1.8125447e-001  2.6819125e-001 -2.6724854e-001
  5.0000000e+004  1.8132524e-001  2.6845532e-001 -2.6876402e-001
  4.7619048e+004  1.8139688e-001  2.6872111e-001 -2.7030601e-001
  4.5454545e+004  1.8146940e-001  2.6898860e-001 -2.7187455e-001
  4.3478261e+004  1.8154280e-001  2.6925778e-001 -2.7346970e-001
  4.1666667e+004  1.8161708e-001  2.6952864e-001 -2.7509151e-001
  4.0000000e+004  1.8169227e-001  2.6980114e-001 -2.7674003e-001
  3.8461538e+004  1.8176836e-001  2.7007527e-001 -2.7841529e-001
  3.7037037e+004  1.8184537e-001  2.7035102e-001 -2.8011736e-001
  3.5714286e+004  1.8192330e-001  2.7062836e-001 -2.8184627e-001
  3.4482759e+004  1.8200215e-001  2.7090727e-001 -2.8360206e-001
  3.3333333e+004  1.8208194e-001  2.7118773e-001 -2.8538478e-001
  3.2258065e+004  1.8216267e-001  2.7146973e-001 -2.8719446e-001
  3.1250000e+004  1.8224435e-001  2.7175323e-001 -2.8903116e-001
  3.0303030e+004  1.8232699e-001  2.7203823e-001 -2.9089490e-001
  2.9411765e+004  1.8241059e-001  2.7232469e-001 -2.9278572e-001
  2.8571429e+004  1.8249516e-001  2.7261260e-001 -2.9470367e-001
  2.7777778e+004  1.8258071e-001  2.7290193e-001 -2.9664877e-001
  2.7027027e+004  1.8266725e-001  2.7319267e-001 -2.9862106e-001
  2.6315789e+004  1.8275477e-001  2.7348478e-001 -3.0062057e-001
  2.5641026e+004  1.8284329e-001  2.7377825e-001 -3.0264735e-001
  2.5000000e+004  1.8293281e-001  2.7407306e-001 -3.0470141e-001
  2.4390244e+004  1.8302335e-001  2.7436917e-001 -3.0678279e-001
  2.3809524e+004  1.8311490e-001  2.7466657e-001 -3.0889152e-001
  2.3255814e+004  1.8320747e-001  2.7496523e-001 -3.1102763e-001
  2.2727273e+004  1.8330107e-001  2.7526513e-001 -3.1319114e-001
  2.2222222e+004  1.8339570e-001  2.7556624e-001 -3.1538210e-001
  2.1739130e+004  1.8349138e-001  2.7586854e-001 -3.1760052e-001
  2.1276596e+004  1.8358810e-001  2.7617201e-001 -3.1984643e-001
  2.0833333e+004  1.8368588e-001  2.7647662e-001 -3.2211985e-001
  2.0408163e+004  1.8378471e-001  2.7678235e-001 -3.2442082e-001
  2.0000000e+004  1.8388460e-001  2.7708917e-001 -3.2674936e-001
  1.9607843e+004  1.8398557e-001  2.7739705e-001 -3.2910549e-001
  1.9230769e+004  1.8408760e-001  2.7770598e-001 -3.3148924e-001
  1.8867925e+004  1.8419072e-001  2.7801592e-001 -3.3390063e-001
  1.8518519e+004  1.8429492e-001  2.7832685e-001 -3.3633969e-001
  1.8181818e+004  1.8440021e-001  2.7863875e-001 -3.3880643e-001
  1.7857143e+004  1.8450659e-001  2.7895159e-001 -3.4130089e-001
  1.7543860e+004  1.8461407e-001  2.7926534e-001 -3.4382308e-001
  1.7241379e+004  1.8472265e-001  2.7957998e-001 -3.4637303e-001
  1.6949153e+004  1.8483234e-001  2.7989548e-001 -3.4895076e-001
  1.6666667e+004  1.8494313e-001  2.8021182e-001 -3.5155629e-001
  1.6393443e+004  1.8505505e-001  2.8052898e-001 -3.5418965e-001
  1.6129032e+004  1.8516808e-001  2.8084692e-001 -3.5685086e-001
  1.5873016e+004  1.8528224e-001  2.8116562e-001 -3.5953994e-001
  1.5625000e+004  1.8539752e-001  2.8148505e-001 -3.6225691e-001
  1.5384615e+004  1.8551394e-001  2.8180520e-001 -3.6500180e-001
  1.5151515e+004  1.8563148e-001  2.8212603e-001 -3.6777462e-001
  1.4925373e+004  1.8575017e-001  2.8244752e-001 -3.7057541e-001
  1.4705882e+004  1.8586999e-001  2.8276964e-001 -3.7340419e-001
  1.4492754e+004  1.8599096e-001  2.8309237e-001 -3.7626097e-001
  1.4285714e+004  1.8611308e-001  2.8341568e-001 -3.7914579e-001
  1.4084507e+004  1.8623634e-001  2.8373954e-001 -3.8205867e-001
  1.3888889e+004  1.8636076e-001  2.8406394e-001 -3.8499962e-001
  1.3698630e+004  1.8648633e-001  2.8438885e-001 -3.8796869e-001
  1.3513514e+004  1.8661305e-001  2.8471423e-001 -3.9096589e-001
  1.3333333e+004  1.8674094e-001  2.8504007e-001 -3.9399125e-001
  1.3157895e+004  1.8686998e-001  2.8536635e-001 -3.9704480e-001
  1.2987013e+004  1.8700019e-001  2.8569303e-001 -4.0012657e-001
  1.2820513e+004  1.8713157e-001  2.8602009e-001 -4.0323657e-001
  1.2658228e+004  1.8726411e-001  2.8634751e-001 -4.0637485e-001
  1.2500000e+004  1.8739782e-001  2.8667526e-001 -4.0954143e-001
  1.2345679e+004  1.8753269e-001  2.8700332e-001 -4.1273634e-001
  1.2195122e+004  1.8766874e-001  2.8733167e-001 -4.1595961e-001
  1.2048193e+004  1.8780596e-001  2.8766028e-001 -4.1921128e-001
  1.1904762e+004  1.8794436e-001  2.8798912e-001 -4.2249138e-001
  1.1764706e+004  1.8808393e-001  2.8831818e-001 -4.2579994e-001
  1.1627907e+004  1.8822467e-001  2.8864742e-001 -4.2913700e-001
  1.1494253e+004  1.8836659e-001  2.8897684e-001 -4.3250259e-001
  1.1363636e+004  1.8850968e-001  2.8930640e-001 -4.3589674e-001
  1.1235955e+004  1.8865395e-001  2.8963608e-001 -4.3931951e-001
  1.1111111e+004  1.8879939e-001  2.8996585e-001 -4.4277092e-001
  1.0989011e+004  1.8894602e-001  2.9029570e-001 -4.4625103e-001
  1.0869565e+004  1.8909381e-001  2.9062561e-001 -4.4975986e-001
  1.0752688e+004  1.8924279e-001  2.9095555e-001 -4.5329746e-001
  1.0638298e+004  1.8939294e-001  2.9128549e-001 -4.5686388e-001
  1.0526316e+004  1.8954427e-001  2.9161542e-001 -4.6045915e-001
  1.0416667e+004  1.8969677e-001  2.9194532e-001 -4.6408334e-001
  1.0309278e+004  1.8985045e-001  2.9227517e-001 -4.6773649e-001
  1.0204082e+004  1.9000530e-001  2.9260493e-001 -4.7141864e-001
  1.0101010e+004  1.9016132e-001  2.9293460e-001 -4.7512984e-001
  1.0000000e+004  1.9031851e-001  2.9326415e-001 -4.7887016e-001
  9.9009901e+003  1.9047688e-001  2.9359357e-001 -4.8263964e-001
  9.8039216e+003  1.9063642e-001  2.9392282e-001 -4.8643833e-001
  9.7087379e+003  1.9079712e-001  2.9425190e-001 -4.9026631e-001
  9.6153846e+003  1.9095899e-001  2.9458078e-001 -4.9412362e-001
  9.5238095e+003  1.9112203e-001  2.9490944e-001 -4.9801032e-001
  9.4339623e+003  1.9128623e-001  2.9523786e-001 -5.0192648e-001
  9.3457944e+003  1.9145159e-001  2.9556603e-001 -5.0587216e-001
  9.2592593e+003  1.9161811e-001  2.9589392e-001 -5.0984743e-001
  9.1743119e+003  1.9178579e-001  2.9622152e-001 -5.1385236e-001
  9.0909091e+003  1.9195463e-001  2.9654880e-001 -5.1788700e-001
  9.0090090e+003  1.9212462e-001  2.9687576e-001 -5.2195144e-001
  8.9285714e+003  1.9229576e-001  2.9720237e-001 -5.2604575e-001
  8.8495575e+003  1.9246806e-001  2.9752862e-001 -5.3017000e-001
  8.7719298e+003  1.9264149e-001  2.9785448e-001 -5.3432427e-001
  8.6956522e+003  1.9281608e-001  2.9817995e-001 -5.3850864e-001
  8.6206897e+003  1.9299180e-001  2.9850499e-001 -5.4272319e-001
  8.5470085e+003  1.9316867e-001  2.9882961e-001 -5.4696800e-001
  8.4745763e+003  1.9334667e-001  2.9915378e-001 -5.5124315e-001
  8.4033613e+003  1.9352580e-001  2.9947748e-001 -5.5554874e-001
  8.3333333e+003  1.9370607e-001  2.9980070e-001 -5.5988484e-001
  8.2644628e+003  1.9388746e-001  3.0012342e-001 -5.6425156e-001
  8.1967213e+003  1.9406997e-001  3.0044563e-001 -5.6864899e-001
  8.1300813e+003  1.9425361e-001  3.0076732e-001 -5.7307722e-001
  8.0645161e+003  1.9443836e-001  3.0108846e-001 -5.7753635e-001
  8.0000000e+003  1.9462423e-001  3.0140905e-001 -5.8202647e-001
  7.9365079e+003  1.9481121e-001  3.0172906e-001 -5.8654770e-001
  7.8740157e+003  1.9499930e-001  3.0204849e-001 -5.9110013e-001
  7.8125000e+003  1.9518849e-001  3.0236733e-001 -5.9568388e-001
  7.7519380e+003  1.9537878e-001  3.0268555e-001 -6.0029905e-001
  7.6923077e+003  1.9557017e-001  3.0300314e-001 -6.0494574e-001
  7.6335878e+003  1.9576265e-001  3.0332009e-001 -6.0962409e-001
  7.5757576e+003  1.9595622e-001  3.0363640e-001 -6.1433420e-001
  7.5187970e+003  1.9615088e-001  3.0395204e-001 -6.1907619e-001
  7.4626866e+003  1.9634661e-001  3.0426700e-001 -6.2385019e-001
  7.4074074e+003  1.9654343e-001  3.0458127e-001 -6.2865631e-001
  7.3529412e+003  1.9674131e-001  3.0489484e-001 -6.3349468e-001
  7.2992701e+003  1.9694027e-001  3.0520770e-001 -6.3836543e-001
  7.2463768e+003  1.9714029e-001  3.0551983e-001 -6.4326870e-001
  7.1942446e+003  1.9734137e-001  3.0583123e-001 -6.4820461e-001
  7.1428571e+003  1.9754350e-001  3.0614188e-001 -6.5317331e-001
  7.0921986e+003  1.9774669e-001  3.0645178e-001 -6.5817493e-001
  7.0422535e+003  1.9795093e-001  3.0676090e-001 -6.6320961e-001
  6.9930070e+003  1.9815621e-001  3.0706925e-001 -6.6827750e-001
  6.9444444e+003  1.9836252e-001  3.0737681e-001 -6.7337874e-001
  6.8965517e+003  1.9856988e-001  3.0768357e-001 -6.7851349e-001
  6.8493151e+003  1.9877826e-001  3.0798952e-001 -6.8368190e-001
  6.8027211e+003  1.9898766e-001  3.0829465e-001 -6.8888412e-001
  6.7567568e+003  1.9919809e-001  3.0859895e-001 -6.9412031e-001
  6.7114094e+003  1.9940953e-001  3.0890242e-001 -6.9939063e-001
  6.6666667e+003  1.9962198e-001  3.0920504e-001 -7.0469525e-001
  6.6225166e+003  1.9983544e-001  3.0950681e-001 -7.1003433e-001
  6.5789474e+003  2.0004990e-001  3.0980772e-001 -7.1540804e-001
  6.5359477e+003  2.0026536e-001  3.1010775e-001 -7.2081655e-001
  6.4935065e+003  2.0048181e-001  3.1040691e-001 -7.2626004e-001
  6.4516129e+003  2.0069925e-001  3.1070518e-001 -7.3173869e-001
  6.4102564e+003  2.0091766e-001  3.1100255e-001 -7.3725268e-001
  6.3694268e+003  2.0113706e-001  3.1129902e-001 -7.4280219e-001
  6.3291139e+003  2.0135743e-001  3.1159458e-001 -7.4838741e-001
  6.2893082e+003  2.0157876e-001  3.1188923e-001 -7.5400853e-001
  6.2500000e+003  2.0180106e-001  3.1218295e-001 -7.5966574e-001
  6.2111801e+003  2.0202432e-001  3.1247574e-001 -7.6535924e-001
  6.1728395e+003  2.0224852e-001  3.1276760e-001 -7.7108923e-001
  6.1349693e+003  2.0247368e-001  3.1305851e-001 -7.7685591e-001
  6.0975610e+003  2.0269978e-001  3.1334847e-001 -7.8265949e-001
  6.0606061e+003  2.0292681e-001  3.1363747e-001 -7.8850017e-001
  6.0240964e+003  2.0315478e-001  3.1392551e-001 -7.9437817e-001
  5.9880240e+003  2.0338367e-001  3.1421259e-001 -8.0029370e-001
  5.9523810e+003  2.0361349e-001  3.1449869e-001 -8.0624698e-001
  5.9171598e+003  2.0384422e-001  3.1478382e-001 -8.1223824e-001
  5.8823529e+003  2.0407587e-001  3.1506796e-001 -8.1826769e-001
  5.8479532e+003  2.0430842e-001  3.1535111e-001 -8.2433557e-001
  5.8139535e+003  2.0454187e-001  3.1563327e-001 -8.3044210e-001
  5.7803468e+003  2.0477622e-001  3.1591443e-001 -8.3658753e-001
  5.7471264e+003  2.0501146e-001  3.1619458e-001 -8.4277209e-001
  5.7142857e+003  2.0524759e-001  3.1647373e-001 -8.4899602e-001
  5.6818182e+003  2.0548460e-001  3.1675187e-001 -8.5525957e-001
  5.6497175e+003  2.0572248e-001  3.1702899e-001 -8.6156298e-001
  5.6179775e+003  2.0596123e-001  3.1730510e-001 -8.6790651e-001
  5.5865922e+003  2.0620085e-001  3.1758017e-001 -8.7429042e-001
  5.5555556e+003  2.0644133e-001  3.1785422e-001 -8.8071495e-001
  5.5248619e+003  2.0668267e-001  3.1812725e-001 -8.8718038e-001
  5.4945055e+003  2.0692485e-001  3.1839923e-001 -8.9368698e-001
  5.4644809e+003  2.0716788e-001  3.1867018e-001 -9.0023500e-001
  5.4347826e+003  2.0741175e-001  3.1894009e-001 -9.0682473e-001
  5.4054054e+003  2.0765645e-001  3.1920895e-001 -9.1345644e-001
  5.3763441e+003  2.0790198e-001  3.1947677e-001 -9.2013041e-001
  5.3475936e+003  2.0814833e-001  3.1974353e-001 -9.2684693e-001
  5.3191489e+003  2.0839551e-001  3.2000925e-001 -9.3360628e-001
  5.2910053e+003  2.0864349e-001  3.2027391e-001 -9.4040876e-001
  5.2631579e+003  2.0889229e-001  3.2053751e-001 -9.4725467e-001
  5.2356021e+003  2.0914189e-001  3.2080005e-001 -9.5414429e-001
  5.2083333e+003  2.0939228e-001  3.2106153e-001 -9.6107794e-001
  5.1813472e+003  2.0964347e-001  3.2132195e-001 -9.6805593e-001
  5.1546392e+003  2.0989545e-001  3.2158130e-001 -9.7507856e-001
  5.1282051e+003  2.1014820e-001  3.2183959e-001 -9.8214615e-001
  5.1020408e+003  2.1040174e-001  3.2209680e-001 -9.8925902e-001
  5.0761421e+003  2.1065605e-001  3.2235295e-001 -9.9641749e-001
  5.0505051e+003  2.1091112e-001  3.2260802e-001 -1.0036219e+000
  5.0251256e+003  2.1116696e-001  3.2286202e-001 -1.0108726e+000
  5.0000000e+003  2.1142355e-001  3.2311494e-001 -1.0181698e+000
  4.9751244e+003  2.1168090e-001  3.2336678e-001 -1.0255140e+000
  4.9504950e+003  2.1193899e-001  3.2361755e-001 -1.0329055e+000
  4.9261084e+003  2.1219783e-001  3.2386724e-001 -1.0403446e+000
  4.9019608e+003  2.1245740e-001  3.2411586e-001 -1.0478317e+000
  4.8780488e+003  2.1271770e-001  3.2436339e-001 -1.0553671e+000
  4.8543689e+003  2.1297873e-001  3.2460984e-001 -1.0629512e+000
  4.8309179e+003  2.1324048e-001  3.2485521e-001 -1.0705844e+000
  4.8076923e+003  2.1350294e-001  3.2509949e-001 -1.0782671e+000
  4.7846890e+003  2.1376612e-001  3.2534270e-001 -1.0859995e+000
  4.7619048e+003  2.1403000e-001  3.2558482e-001 -1.0937821e+000
  4.7393365e+003  2.1429459e-001  3.2582586e-001 -1.1016153e+000
  4.7169811e+003  2.1455987e-001  3.2606581e-001 -1.1094995e+000
  4.6948357e+003  2.1482584e-001  3.2630468e-001 -1.1174350e+000
  4.6728972e+003  2.1509250e-001  3.2654247e-001 -1.1254222e+000
  4.6511628e+003  2.1535985e-001  3.2677917e-001 -1.1334616e+000
  4.6296296e+003  2.1562787e-001  3.2701479e-001 -1.1415536e+000
  4.6082949e+003  2.1589656e-001  3.2724933e-001 -1.1496986e+000
  4.5871560e+003  2.1616591e-001  3.2748279e-001 -1.1578969e+000
  4.5662100e+003  2.1643593e-001  3.2771516e-001 -1.1661490e+000
  4.5454545e+003  2.1670661e-001  3.2794645e-001 -1.1744554e+000
  4.5248869e+003  2.1697794e-001  3.2817666e-001 -1.1828164e+000
  4.5045045e+003  2.1724992e-001  3.2840578e-001 -1.1912326e+000
  4.4843049e+003  2.1752254e-001  3.2863383e-001 -1.1997043e+000
  4.4642857e+003  2.1779580e-001  3.2886080e-001 -1.2082320e+000
  4.4444444e+003  2.1806969e-001  3.2908668e-001 -1.2168161e+000
  4.4247788e+003  2.1834421e-001  3.2931149e-001 -1.2254571e+000
  4.4052863e+003  2.1861935e-001  3.2953522e-001 -1.2341555e+000
  4.3859649e+003  2.1889512e-001  3.2975788e-001 -1.2429117e+000
  4.3668122e+003  2.1917150e-001  3.2997946e-001 -1.2517263e+000
  4.3478261e+003  2.1944849e-001  3.3019996e-001 -1.2605996e+000
  4.3290043e+003  2.1972608e-001  3.3041940e-001 -1.2695322e+000
  4.3103448e+003  2.2000427e-001  3.3063776e-001 -1.2785245e+000
  4.2918455e+003  2.2028306e-001  3.3085504e-001 -1.2875771e+000
  4.2735043e+003  2.2056245e-001  3.3107126e-001 -1.2966905e+000
  4.2553191e+003  2.2084241e-001  3.3128641e-001 -1.3058651e+000
  4.2372881e+003  2.2112296e-001  3.3150050e-001 -1.3151016e+000
  4.2194093e+003  2.2140409e-001  3.3171351e-001 -1.3244003e+000
  4.2016807e+003  2.2168580e-001  3.3192547e-001 -1.3337618e+000
  4.1841004e+003  2.2196807e-001  3.3213636e-001 -1.3431867e+000
  4.1666667e+003  2.2225090e-001  3.3234619e-001 -1.3526755e+000
  4.1493776e+003  2.2253429e-001  3.3255496e-001 -1.3622287e+000
  4.1322314e+003  2.2281824e-001  3.3276267e-001 -1.3718469e+000
  4.1152263e+003  2.2310274e-001  3.3296933e-001 -1.3815306e+000
  4.0983607e+003  2.2338779e-001  3.3317493e-001 -1.3912805e+000
  4.0816327e+003  2.2367338e-001  3.3337948e-001 -1.4010970e+000
  4.0650407e+003  2.2395951e-001  3.3358298e-001 -1.4109808e+000
  4.0485830e+003  2.2424617e-001  3.3378543e-001 -1.4209324e+000
  4.0322581e+003  2.2453336e-001  3.3398684e-001 -1.4309524e+000
  4.0160643e+003  2.2482107e-001  3.3418720e-001 -1.4410415e+000
  4.0000000e+003  2.2510930e-001  3.3438651e-001 -1.4512002e+000
  3.9840637e+003  2.2539805e-001  3.3458479e-001 -1.4614291e+000
  3.9682540e+003  2.2568732e-001  3.3478203e-001 -1.4717289e+000
  3.9525692e+003  2.2597709e-001  3.3497823e-001 -1.4821001e+000
  3.9370079e+003  2.2626736e-001  3.3517340e-001 -1.4925435e+000
  3.9215686e+003  2.2655813e-001  3.3536753e-001 -1.5030596e+000
  3.9062500e+003  2.2684940e-001  3.3556063e-001 -1.5136491e+000
  3.8910506e+003  2.2714116e-001  3.3575271e-001 -1.5243126e+000
  3.8759690e+003  2.2743340e-001  3.3594376e-001 -1.5350509e+000
  3.8610039e+003  2.2772613e-001  3.3613379e-001 -1.5458645e+000
  3.8461538e+003  2.2801933e-001  3.3632279e-001 -1.5567542e+000
  3.8314176e+003  2.2831301e-001  3.3651078e-001 -1.5677206e+000
  3.8167939e+003  2.2860716e-001  3.3669775e-001 -1.5787645e+000
  3.8022814e+003  2.2890178e-001  3.3688371e-001 -1.5898865e+000
  3.7878788e+003  2.2919686e-001  3.3706866e-001 -1.6010874e+000
  3.7735849e+003  2.2949240e-001  3.3725260e-001 -1.6123678e+000
  3.7593985e+003  2.2978839e-001  3.3743553e-001 -1.6237286e+000
  3.7453184e+003  2.3008483e-001  3.3761746e-001 -1.6351703e+000
  3.7313433e+003  2.3038172e-001  3.3779839e-001 -1.6466939e+000
  3.7174721e+003  2.3067905e-001  3.3797832e-001 -1.6582999e+000
  3.7037037e+003  2.3097682e-001  3.3815725e-001 -1.6699893e+000
  3.6900369e+003  2.3127502e-001  3.3833519e-001 -1.6817627e+000
  3.6764706e+003  2.3157365e-001  3.3851214e-001 -1.6936210e+000
  3.6630037e+003  2.3187271e-001  3.3868810e-001 -1.7055649e+000
  3.6496350e+003  2.3217220e-001  3.3886308e-001 -1.7175952e+000
  3.6363636e+003  2.3247210e-001  3.3903707e-001 -1.7297128e+000
  3.6231884e+003  2.3277242e-001  3.3921009e-001 -1.7419184e+000
  3.6101083e+003  2.3307315e-001  3.3938212e-001 -1.7542129e+000
  3.5971223e+003  2.3337429e-001  3.3955319e-001 -1.7665972e+000
  3.5842294e+003  2.3367583e-001  3.3972328e-001 -1.7790720e+000
  3.5714286e+003  2.3397777e-001  3.3989240e-001 -1.7916382e+000
  3.5587189e+003  2.3428011e-001  3.4006056e-001 -1.8042968e+000
  3.5460993e+003  2.3458284e-001  3.4022775e-001 -1.8170486e+000
  3.5335689e+003  2.3488596e-001  3.4039399e-001 -1.8298944e+000
  3.5211268e+003  2.3518947e-001  3.4055926e-001 -1.8428352e+000
  3.5087719e+003  2.3549336e-001  3.4072359e-001 -1.8558719e+000
  3.4965035e+003  2.3579763e-001  3.4088696e-001 -1.8690054e+000
  3.4843206e+003  2.3610227e-001  3.4104938e-001 -1.8822366e+000
  3.4722222e+003  2.3640728e-001  3.4121086e-001 -1.8955666e+000
  3.4602076e+003  2.3671266e-001  3.4137139e-001 -1.9089962e+000
  3.4482759e+003  2.3701841e-001  3.4153099e-001 -1.9225265e+000
  3.4364261e+003  2.3732451e-001  3.4168965e-001 -1.9361583e+000
  3.4246575e+003  2.3763098e-001  3.4184738e-001 -1.9498928e+000
  3.4129693e+003  2.3793779e-001  3.4200417e-001 -1.9637309e+000
  3.4013605e+003  2.3824496e-001  3.4216004e-001 -1.9776736e+000
  3.3898305e+003  2.3855247e-001  3.4231498e-001 -1.9917220e+000
  3.3783784e+003  2.3886033e-001  3.4246900e-001 -2.0058771e+000
  3.3670034e+003  2.3916853e-001  3.4262211e-001 -2.0201399e+000
  3.3557047e+003  2.3947706e-001  3.4277430e-001 -2.0345116e+000
  3.3444816e+003  2.3978593e-001  3.4292557e-001 -2.0489933e+000
  3.3333333e+003  2.4009512e-001  3.4307594e-001 -2.0635860e+000
  3.3222591e+003  2.4040464e-001  3.4322540e-001 -2.0782908e+000
  3.3112583e+003  2.4071449e-001  3.4337396e-001 -2.0931089e+000
  3.3003300e+003  2.4102465e-001  3.4352162e-001 -2.1080415e+000
  3.2894737e+003  2.4133514e-001  3.4366838e-001 -2.1230896e+000
  3.2786885e+003  2.4164593e-001  3.4381425e-001 -2.1382545e+000
  3.2679739e+003  2.4195704e-001  3.4395923e-001 -2.1535373e+000
  3.2573290e+003  2.4226845e-001  3.4410332e-001 -2.1689392e+000
  3.2467532e+003  2.4258016e-001  3.4424652e-001 -2.1844616e+000
  3.2362460e+003  2.4289218e-001  3.4438885e-001 -2.2001055e+000
  3.2258065e+003  2.4320449e-001  3.4453030e-001 -2.2158723e+000
  3.2154341e+003  2.4351709e-001  3.4467087e-001 -2.2317632e+000
  3.2051282e+003  2.4382999e-001  3.4481057e-001 -2.2477795e+000
  3.1948882e+003  2.4414318e-001  3.4494940e-001 -2.2639225e+000
  3.1847134e+003  2.4445664e-001  3.4508737e-001 -2.2801935e+000
  3.1746032e+003  2.4477039e-001  3.4522448e-001 -2.2965940e+000
  3.1645570e+003  2.4508442e-001  3.4536072e-001 -2.3131251e+000
  3.1545741e+003  2.4539873e-001  3.4549612e-001 -2.3297883e+000
  3.1446541e+003  2.4571330e-001  3.4563066e-001 -2.3465850e+000
  3.1347962e+003  2.4602815e-001  3.4576435e-001 -2.3635166e+000
  3.1250000e+003  2.4634326e-001  3.4589719e-001 -2.3805846e+000
  3.1152648e+003  2.4665863e-001  3.4602919e-001 -2.3977903e+000
  3.1055901e+003  2.4697427e-001  3.4616036e-001 -2.4151352e+000
  3.0959752e+003  2.4729016e-001  3.4629068e-001 -2.4326209e+000
  3.0864198e+003  2.4760631e-001  3.4642017e-001 -2.4502489e+000
  3.0769231e+003  2.4792270e-001  3.4654884e-001 -2.4680206e+000
  3.0674847e+003  2.4823935e-001  3.4667667e-001 -2.4859376e+000
  3.0581040e+003  2.4855624e-001  3.4680369e-001 -2.5040015e+000
  3.0487805e+003  2.4887337e-001  3.4692988e-001 -2.5222140e+000
  3.0395137e+003  2.4919075e-001  3.4705526e-001 -2.5405765e+000
  3.0303030e+003  2.4950836e-001  3.4717982e-001 -2.5590908e+000
  3.0211480e+003  2.4982620e-001  3.4730357e-001 -2.5777584e+000
  3.0120482e+003  2.5014427e-001  3.4742651e-001 -2.5965812e+000
  3.0030030e+003  2.5046258e-001  3.4754865e-001 -2.6155608e+000
  2.9940120e+003  2.5078111e-001  3.4766999e-001 -2.6346990e+000
  2.9850746e+003  2.5109986e-001  3.4779053e-001 -2.6539974e+000
  2.9761905e+003  2.5141883e-001  3.4791028e-001 -2.6734579e+000
  2.9673591e+003  2.5173802e-001  3.4802924e-001 -2.6930823e+000
  2.9585799e+003  2.5205742e-001  3.4814741e-001 -2.7128725e+000
  2.9498525e+003  2.5237704e-001  3.4826479e-001 -2.7328302e+000
  2.9411765e+003  2.5269686e-001  3.4838139e-001 -2.7529574e+000
  2.9325513e+003  2.5301689e-001  3.4849722e-001 -2.7732560e+000
  2.9239766e+003  2.5333712e-001  3.4861226e-001 -2.7937280e+000
  2.9154519e+003  2.5365756e-001  3.4872654e-001 -2.8143753e+000
  2.9069767e+003  2.5397819e-001  3.4884005e-001 -2.8351999e+000
  2.8985507e+003  2.5429902e-001  3.4895279e-001 -2.8562038e+000
  2.8901734e+003  2.5462004e-001  3.4906477e-001 -2.8773892e+000
  2.8818444e+003  2.5494125e-001  3.4917599e-001 -2.8987581e+000
  2.8735632e+003  2.5526265e-001  3.4928646e-001 -2.9203126e+000
  2.8653295e+003  2.5558424e-001  3.4939617e-001 -2.9420549e+000
  2.8571429e+003  2.5590601e-001  3.4950514e-001 -2.9639871e+000
  2.8490028e+003  2.5622796e-001  3.4961335e-001 -2.9861116e+000
  2.8409091e+003  2.5655008e-001  3.4972083e-001 -3.0084305e+000
  2.8328612e+003  2.5687238e-001  3.4982756e-001 -3.0309462e+000
  2.8248588e+003  2.5719486e-001  3.4993356e-001 -3.0536609e+000
  2.8169014e+003  2.5751750e-001  3.5003882e-001 -3.0765770e+000
  2.8089888e+003  2.5784031e-001  3.5014336e-001 -3.0996970e+000
  2.8011204e+003  2.5816329e-001  3.5024716e-001 -3.1230232e+000
  2.7932961e+003  2.5848643e-001  3.5035025e-001 -3.1465581e+000
  2.7855153e+003  2.5880973e-001  3.5045261e-001 -3.1703043e+000
  2.7777778e+003  2.5913319e-001  3.5055425e-001 -3.1942643e+000
  2.7700831e+003  2.5945680e-001  3.5065518e-001 -3.2184406e+000
  2.7624309e+003  2.5978057e-001  3.5075540e-001 -3.2428359e+000
  2.7548209e+003  2.6010449e-001  3.5085491e-001 -3.2674529e+000
  2.7472527e+003  2.6042855e-001  3.5095372e-001 -3.2922943e+000
  2.7397260e+003  2.6075277e-001  3.5105182e-001 -3.3173629e+000
  2.7322404e+003  2.6107712e-001  3.5114923e-001 -3.3426613e+000
  2.7247956e+003  2.6140162e-001  3.5124593e-001 -3.3681926e+000
  2.7173913e+003  2.6172625e-001  3.5134195e-001 -3.3939595e+000
  2.7100271e+003  2.6205103e-001  3.5143728e-001 -3.4199651e+000
  2.7027027e+003  2.6237593e-001  3.5153192e-001 -3.4462123e+000
  2.6954178e+003  2.6270097e-001  3.5162588e-001 -3.4727041e+000
  2.6881720e+003  2.6302614e-001  3.5171915e-001 -3.4994437e+000
  2.6809651e+003  2.6335144e-001  3.5181176e-001 -3.5264341e+000
  2.6737968e+003  2.6367686e-001  3.5190368e-001 -3.5536785e+000
  2.6666667e+003  2.6400241e-001  3.5199494e-001 -3.5811803e+000
  2.6595745e+003  2.6432808e-001  3.5208553e-001 -3.6089426e+000
  2.6525199e+003  2.6465386e-001  3.5217545e-001 -3.6369689e+000
  2.6455026e+003  2.6497976e-001  3.5226471e-001 -3.6652625e+000
  2.6385224e+003  2.6530578e-001  3.5235332e-001 -3.6938269e+000
  2.6315789e+003  2.6563191e-001  3.5244126e-001 -3.7226656e+000
  2.6246719e+003  2.6595815e-001  3.5252856e-001 -3.7517823e+000
  2.6178010e+003  2.6628449e-001  3.5261520e-001 -3.7811805e+000
  2.6109661e+003  2.6661095e-001  3.5270120e-001 -3.8108640e+000
  2.6041667e+003  2.6693750e-001  3.5278656e-001 -3.8408365e+000
  2.5974026e+003  2.6726416e-001  3.5287128e-001 -3.8711019e+000
  2.5906736e+003  2.6759092e-001  3.5295535e-001 -3.9016640e+000
  2.5839793e+003  2.6791778e-001  3.5303880e-001 -3.9325269e+000
  2.5773196e+003  2.6824473e-001  3.5312161e-001 -3.9636945e+000
  2.5706941e+003  2.6857177e-001  3.5320380e-001 -3.9951711e+000
  2.5641026e+003  2.6889891e-001  3.5328536e-001 -4.0269607e+000
  2.5575448e+003  2.6922613e-001  3.5336629e-001 -4.0590677e+000
  2.5510204e+003  2.6955344e-001  3.5344661e-001 -4.0914964e+000
  2.5445293e+003  2.6988084e-001  3.5352631e-001 -4.1242511e+000
  2.5380711e+003  2.7020832e-001  3.5360540e-001 -4.1573364e+000
  2.5316456e+003  2.7053588e-001  3.5368388e-001 -4.1907569e+000
  2.5252525e+003  2.7086353e-001  3.5376174e-001 -4.2245171e+000
  2.5188917e+003  2.7119125e-001  3.5383901e-001 -4.2586220e+000
  2.5125628e+003  2.7151904e-001  3.5391567e-001 -4.2930762e+000
  2.5062657e+003  2.7184691e-001  3.5399174e-001 -4.3278847e+000
  2.5000000e+003  2.7217485e-001  3.5406720e-001 -4.3630525e+000
  2.4937656e+003  2.7250286e-001  3.5414208e-001 -4.3985848e+000
  2.4875622e+003  2.7283093e-001  3.5421636e-001 -4.4344866e+000
  2.4813896e+003  2.7315908e-001  3.5429006e-001 -4.4707634e+000
  2.4752475e+003  2.7348729e-001  3.5436317e-001 -4.5074205e+000
  2.4691358e+003  2.7381555e-001  3.5443571e-001 -4.5444634e+000
  2.4630542e+003  2.7414388e-001  3.5450766e-001 -4.5818977e+000
  2.4570025e+003  2.7447227e-001  3.5457904e-001 -4.6197291e+000
  2.4509804e+003  2.7480072e-001  3.5464984e-001 -4.6579635e+000
  2.4449878e+003  2.7512922e-001  3.5472007e-001 -4.6966068e+000
  2.4390244e+003  2.7545777e-001  3.5478974e-001 -4.7356650e+000
  2.4330900e+003  2.7578637e-001  3.5485884e-001 -4.7751444e+000
  2.4271845e+003  2.7611503e-001  3.5492738e-001 -4.8150511e+000
  2.4213075e+003  2.7644373e-001  3.5499536e-001 -4.8553916e+000
  2.4154589e+003  2.7677248e-001  3.5506279e-001 -4.8961725e+000
  2.4096386e+003  2.7710127e-001  3.5512966e-001 -4.9374004e+000
  2.4038462e+003  2.7743010e-001  3.5519598e-001 -4.9790821e+000
  2.3980815e+003  2.7775898e-001  3.5526176e-001 -5.0212246e+000
  2.3923445e+003  2.7808789e-001  3.5532699e-001 -5.0638350e+000
  2.3866348e+003  2.7841684e-001  3.5539167e-001 -5.1069205e+000
  2.3809524e+003  2.7874582e-001  3.5545582e-001 -5.1504884e+000
  2.3752969e+003  2.7907484e-001  3.5551943e-001 -5.1945463e+000
  2.3696682e+003  2.7940390e-001  3.5558251e-001 -5.2391019e+000
  2.3640662e+003  2.7973298e-001  3.5564505e-001 -5.2841630e+000
  2.3584906e+003  2.8006209e-001  3.5570707e-001 -5.3297376e+000
  2.3529412e+003  2.8039123e-001  3.5576856e-001 -5.3758339e+000
  2.3474178e+003  2.8072039e-001  3.5582952e-001 -5.4224603e+000
  2.3419204e+003  2.8104958e-001  3.5588997e-001 -5.4696252e+000
  2.3364486e+003  2.8137879e-001  3.5594990e-001 -5.5173374e+000
  2.3310023e+003  2.8170802e-001  3.5600931e-001 -5.5656058e+000
  2.3255814e+003  2.8203726e-001  3.5606821e-001 -5.6144395e+000
  2.3201856e+003  2.8236653e-001  3.5612660e-001 -5.6638477e+000
  2.3148148e+003  2.8269581e-001  3.5618448e-001 -5.7138399e+000
  2.3094688e+003  2.8302511e-001  3.5624186e-001 -5.7644258e+000
  2.3041475e+003  2.8335442e-001  3.5629874e-001 -5.8156154e+000
  2.2988506e+003  2.8368374e-001  3.5635511e-001 -5.8674187e+000
  2.2935780e+003  2.8401307e-001  3.5641099e-001 -5.9198462e+000
  2.2883295e+003  2.8434240e-001  3.5646638e-001 -5.9729083e+000
  2.2831050e+003  2.8467175e-001  3.5652127e-001 -6.0266160e+000
  2.2779043e+003  2.8500109e-001  3.5657568e-001 -6.0809802e+000
  2.2727273e+003  2.8533045e-001  3.5662959e-001 -6.1360123e+000
  2.2675737e+003  2.8565980e-001  3.5668303e-001 -6.1917240e+000
  2.2624434e+003  2.8598915e-001  3.5673598e-001 -6.2481269e+000
  2.2573363e+003  2.8631851e-001  3.5678845e-001 -6.3052334e+000
  2.2522523e+003  2.8664786e-001  3.5684045e-001 -6.3630557e+000
  2.2471910e+003  2.8697720e-001  3.5689197e-001 -6.4216066e+000
  2.2421525e+003  2.8730655e-001  3.5694303e-001 -6.4808990e+000
  2.2371365e+003  2.8763588e-001  3.5699361e-001 -6.5409463e+000
  2.2321429e+003  2.8796520e-001  3.5704372e-001 -6.6017622e+000
  2.2271715e+003  2.8829452e-001  3.5709338e-001 -6.6633604e+000
  2.2222222e+003  2.8862382e-001  3.5714257e-001 -6.7257555e+000
  2.2172949e+003  2.8895312e-001  3.5719130e-001 -6.7889619e+000
  2.2123894e+003  2.8928239e-001  3.5723957e-001 -6.8529947e+000
  2.2075055e+003  2.8961166e-001  3.5728739e-001 -6.9178692e+000
  2.2026432e+003  2.8994090e-001  3.5733476e-001 -6.9836012e+000
  2.1978022e+003  2.9027013e-001  3.5738168e-001 -7.0502069e+000
  2.1929825e+003  2.9059934e-001  3.5742816e-001 -7.1177028e+000
  2.1881838e+003  2.9092852e-001  3.5747419e-001 -7.1861058e+000
  2.1834061e+003  2.9125769e-001  3.5751977e-001 -7.2554334e+000
  2.1786492e+003  2.9158683e-001  3.5756492e-001 -7.3257034e+000
  2.1739130e+003  2.9191594e-001  3.5760963e-001 -7.3969341e+000
  2.1691974e+003  2.9224503e-001  3.5765390e-001 -7.4691442e+000
  2.1645022e+003  2.9257409e-001  3.5769775e-001 -7.5423531e+000
  2.1598272e+003  2.9290312e-001  3.5774116e-001 -7.6165806e+000
  2.1551724e+003  2.9323213e-001  3.5778414e-001 -7.6918468e+000
  2.1505376e+003  2.9356110e-001  3.5782670e-001 -7.7681727e+000
  2.1459227e+003  2.9389003e-001  3.5786883e-001 -7.8455796e+000
  2.1413276e+003  2.9421894e-001  3.5791055e-001 -7.9240895e+000
  2.1367521e+003  2.9454780e-001  3.5795184e-001 -8.0037251e+000
  2.1321962e+003  2.9487663e-001  3.5799272e-001 -8.0845094e+000
  2.1276596e+003  2.9520543e-001  3.5803319e-001 -8.1664663e+000
  2.1231423e+003  2.9553418e-001  3.5807324e-001 -8.2496203e+000
  2.1186441e+003  2.9586289e-001  3.5811289e-001 -8.3339966e+000
  2.1141649e+003  2.9619157e-001  3.5815212e-001 -8.4196210e+000
  2.1097046e+003  2.9652019e-001  3.5819096e-001 -8.5065202e+000
  2.1052632e+003  2.9684878e-001  3.5822938e-001 -8.5947216e+000
  2.1008403e+003  2.9717732e-001  3.5826741e-001 -8.6842532e+000
  2.0964361e+003  2.9750581e-001  3.5830504e-001 -8.7751441e+000
  2.0920502e+003  2.9783425e-001  3.5834228e-001 -8.8674240e+000
  2.0876827e+003  2.9816265e-001  3.5837912e-001 -8.9611238e+000
  2.0833333e+003  2.9849099e-001  3.5841556e-001 -9.0562749e+000
  2.0790021e+003  2.9881929e-001  3.5845162e-001 -9.1529100e+000
  2.0746888e+003  2.9914753e-001  3.5848730e-001 -9.2510625e+000
  2.0703934e+003  2.9947571e-001  3.5852258e-001 -9.3507671e+000
  2.0661157e+003  2.9980385e-001  3.5855748e-001 -9.4520592e+000
  2.0618557e+003  3.0013192e-001  3.5859201e-001 -9.5549756e+000
  2.0576132e+003  3.0045994e-001  3.5862615e-001 -9.6595541e+000
  2.0533881e+003  3.0078790e-001  3.5865992e-001 -9.7658337e+000
  2.0491803e+003  3.0111581e-001  3.5869331e-001 -9.8738546e+000
  2.0449898e+003  3.0144365e-001  3.5872633e-001 -9.9836584e+000
  2.0408163e+003  3.0177143e-001  3.5875898e-001 -1.0095288e+001
  2.0366599e+003  3.0209914e-001  3.5879126e-001 -1.0208787e+001
  2.0325203e+003  3.0242679e-001  3.5882318e-001 -1.0324202e+001
  2.0283976e+003  3.0275438e-001  3.5885473e-001 -1.0441579e+001
  2.0242915e+003  3.0308190e-001  3.5888592e-001 -1.0560968e+001
  2.0202020e+003  3.0340936e-001  3.5891675e-001 -1.0682419e+001
  2.0161290e+003  3.0373674e-001  3.5894722e-001 -1.0805983e+001
  2.0120724e+003  3.0406406e-001  3.5897734e-001 -1.0931715e+001
  2.0080321e+003  3.0439131e-001  3.5900710e-001 -1.1059670e+001
  2.0040080e+003  3.0471848e-001  3.5903651e-001 -1.1189905e+001
  2.0000000e+003  3.0504559e-001  3.5906557e-001 -1.1322481e+001
  1.9960080e+003  3.0537261e-001  3.5909428e-001 -1.1457458e+001
  1.9920319e+003  3.0569957e-001  3.5912265e-001 -1.1594901e+001
  1.9880716e+003  3.0602645e-001  3.5915067e-001 -1.1734876e+001
  1.9841270e+003  3.0635325e-001  3.5917835e-001 -1.1877450e+001
  1.9801980e+003  3.0667998e-001  3.5920570e-001 -1.2022696e+001
  1.9762846e+003  3.0700662e-001  3.5923270e-001 -1.2170686e+001
  1.9723866e+003  3.0733319e-001  3.5925937e-001 -1.2321497e+001
  1.9685039e+003  3.0765967e-001  3.5928570e-001 -1.2475208e+001
  1.9646365e+003  3.0798608e-001  3.5931170e-001 -1.2631900e+001
  1.9607843e+003  3.0831240e-001  3.5933738e-001 -1.2791660e+001
  1.9569472e+003  3.0863864e-001  3.5936272e-001 -1.2954575e+001
  1.9531250e+003  3.0896479e-001  3.5938774e-001 -1.3120738e+001
  1.9493177e+003  3.0929086e-001  3.5941243e-001 -1.3290244e+001
  1.9455253e+003  3.0961684e-001  3.5943680e-001 -1.3463192e+001
  1.9417476e+003  3.0994274e-001  3.5946085e-001 -1.3639686e+001
  1.9379845e+003  3.1026855e-001  3.5948458e-001 -1.3819833e+001
  1.9342360e+003  3.1059426e-001  3.5950799e-001 -1.4003744e+001
  1.9305019e+003  3.1091989e-001  3.5953109e-001 -1.4191537e+001
  1.9267823e+003  3.1124542e-001  3.5955388e-001 -1.4383332e+001
  1.9230769e+003  3.1157087e-001  3.5957635e-001 -1.4579256e+001
  1.9193858e+003  3.1189622e-001  3.5959852e-001 -1.4779441e+001
  1.9157088e+003  3.1222148e-001  3.5962037e-001 -1.4984023e+001
  1.9120459e+003  3.1254664e-001  3.5964193e-001 -1.5193147e+001
  1.9083969e+003  3.1287170e-001  3.5966317e-001 -1.5406961e+001
  1.9047619e+003  3.1319667e-001  3.5968412e-001 -1.5625623e+001
  1.9011407e+003  3.1352154e-001  3.5970476e-001 -1.5849296e+001
  1.8975332e+003  3.1384632e-001  3.5972511e-001 -1.6078149e+001
  1.8939394e+003  3.1417099e-001  3.5974515e-001 -1.6312362e+001
  1.8903592e+003  3.1449557e-001  3.5976491e-001 -1.6552122e+001
  1.8867925e+003  3.1482004e-001  3.5978437e-001 -1.6797624e+001
  1.8832392e+003  3.1514441e-001  3.5980354e-001 -1.7049074e+001
  1.8796992e+003  3.1546868e-001  3.5982241e-001 -1.7306685e+001
  1.8761726e+003  3.1579284e-001  3.5984100e-001 -1.7570684e+001
  1.8726592e+003  3.1611690e-001  3.5985931e-001 -1.7841306e+001
  1.8691589e+003  3.1644086e-001  3.5987733e-001 -1.8118800e+001
  1.8656716e+003  3.1676471e-001  3.5989506e-001 -1.8403427e+001
  1.8621974e+003  3.1708845e-001  3.5991251e-001 -1.8695461e+001
  1.8587361e+003  3.1741209e-001  3.5992969e-001 -1.8995189e+001
  1.8552876e+003  3.1773561e-001  3.5994658e-001 -1.9302917e+001
  1.8518519e+003  3.1805903e-001  3.5996320e-001 -1.9618962e+001
  1.8484288e+003  3.1838233e-001  3.5997955e-001 -1.9943662e+001
  1.8450185e+003  3.1870553e-001  3.5999562e-001 -2.0277373e+001
  1.8416206e+003  3.1902861e-001  3.6001142e-001 -2.0620469e+001
  1.8382353e+003  3.1935158e-001  3.6002695e-001 -2.0973347e+001
  1.8348624e+003  3.1967444e-001  3.6004222e-001 -2.1336426e+001
  1.8315018e+003  3.1999718e-001  3.6005721e-001 -2.1710147e+001
  1.8281536e+003  3.2031981e-001  3.6007194e-001 -2.2094981e+001
  1.8248175e+003  3.2064232e-001  3.6008641e-001 -2.2491425e+001
  1.8214936e+003  3.2096472e-001  3.6010062e-001 -2.2900005e+001
  1.8181818e+003  3.2128700e-001  3.6011456e-001 -2.3321281e+001
  1.8148820e+003  3.2160916e-001  3.6012825e-001 -2.3755848e+001
  1.8115942e+003  3.2193120e-001  3.6014168e-001 -2.4204337e+001
  1.8083183e+003  3.2225312e-001  3.6015486e-001 -2.4667421e+001
  1.8050542e+003  3.2257493e-001  3.6016778e-001 -2.5145818e+001
  1.8018018e+003  3.2289661e-001  3.6018045e-001 -2.5640291e+001
  1.7985612e+003  3.2321817e-001  3.6019286e-001 -2.6151657e+001
  1.7953321e+003  3.2353960e-001  3.6020503e-001 -2.6680789e+001
  1.7921147e+003  3.2386092e-001  3.6021696e-001 -2.7228620e+001
  1.7889088e+003  3.2418211e-001  3.6022863e-001 -2.7796151e+001
  1.7857143e+003  3.2450317e-001  3.6024006e-001 -2.8384454e+001
  1.7825312e+003  3.2482411e-001  3.6025125e-001 -2.8994681e+001
  1.7793594e+003  3.2514492e-001  3.6026220e-001 -2.9628073e+001
  1.7761989e+003  3.2546561e-001  3.6027290e-001 -3.0285962e+001
  1.7730496e+003  3.2578617e-001  3.6028337e-001 -3.0969788e+001
  1.7699115e+003  3.2610660e-001  3.6029360e-001 -3.1681105e+001
  1.7667845e+003  3.2642690e-001  3.6030359e-001 -3.2421591e+001
  1.7636684e+003  3.2674707e-001  3.6031336e-001 -3.3193068e+001
  1.7605634e+003  3.2706712e-001  3.6032288e-001 -3.3997510e+001
  1.7574692e+003  3.2738703e-001  3.6033218e-001 -3.4837063e+001
  1.7543860e+003  3.2770681e-001  3.6034125e-001 -3.5714062e+001
  1.7513135e+003  3.2802646e-001  3.6035008e-001 -3.6631057e+001
  1.7482517e+003  3.2834597e-001  3.6035869e-001 -3.7590832e+001
  1.7452007e+003  3.2866535e-001  3.6036708e-001 -3.8596437e+001
  1.7421603e+003  3.2898460e-001  3.6037524e-001 -3.9651217e+001
  1.7391304e+003  3.2930371e-001  3.6038318e-001 -4.0758854e+001
  1.7361111e+003  3.2962268e-001  3.6039090e-001 -4.1923404e+001
  1.7331023e+003  3.2994152e-001  3.6039839e-001 -4.3149350e+001
  1.7301038e+003  3.3026023e-001  3.6040567e-001 -4.4441659e+001
  1.7271157e+003  3.3057879e-001  3.6041273e-001 -4.5805847e+001
  1.7241379e+003  3.3089722e-001  3.6041958e-001 -4.7248061e+001
  1.7211704e+003  3.3121551e-001  3.6042621e-001 -4.8775167e+001
  1.7182131e+003  3.3153366e-001  3.6043263e-001 -5.0394863e+001
  1.7152659e+003  3.3185167e-001  3.6043883e-001 -5.2115806e+001
  1.7123288e+003  3.3216954e-001  3.6044483e-001 -5.3947767e+001
  1.7094017e+003  3.3248726e-001  3.6045062e-001 -5.5901815e+001
  1.7064846e+003  3.3280485e-001  3.6045620e-001 -5.7990543e+001
  1.7035775e+003  3.3312229e-001  3.6046157e-001 -6.0228335e+001
  1.7006803e+003  3.3343959e-001  3.6046673e-001 -6.2631702e+001
  1.6977929e+003  3.3375675e-001  3.6047170e-001 -6.5219684e+001
  1.6949153e+003  3.3407376e-001  3.6047646e-001 -6.8014360e+001
  1.6920474e+003  3.3439063e-001  3.6048102e-001 -7.1041472e+001
  1.6891892e+003  3.3470735e-001  3.6048538e-001 -7.4331225e+001
  1.6863406e+003  3.3502393e-001  3.6048954e-001 -7.7919292e+001
  1.6835017e+003  3.3534035e-001  3.6049350e-001 -8.1848114e+001
  1.6806723e+003  3.3565664e-001  3.6049727e-001 -8.6168583e+001
  1.6778523e+003  3.3597277e-001  3.6050084e-001 -9.0942257e+001
  1.6750419e+003  3.3628876e-001  3.6050422e-001 -9.6244308e+001
  1.6722408e+003  3.3660459e-001  3.6050741e-001 -1.0216750e+002
  1.6694491e+003  3.3692028e-001  3.6051040e-001 -1.0882768e+002
  1.6666667e+003  3.3723582e-001  3.6051321e-001 -1.1637139e+002
