3.570882E+2	-2.908762E-3
3.573435E+2	-3.097933E-3
3.575987E+2	-2.304520E-3
3.578540E+2	-1.961636E-3
3.581092E+2	-2.305915E-3
3.583643E+2	-2.408057E-3
3.586195E+2	-2.008064E-3
3.588746E+2	-2.048646E-3
3.591296E+2	-2.012402E-3
3.593847E+2	-1.869374E-3
3.596397E+2	-1.358700E-3
3.598947E+2	-1.408190E-3
3.601497E+2	-1.341159E-3
3.604046E+2	-1.589583E-3
3.606595E+2	-1.117320E-3
3.609143E+2	-1.299303E-3
3.611692E+2	-9.608613E-4
3.614240E+2	-1.216182E-3
3.616788E+2	-1.054483E-3
3.619335E+2	-9.289211E-4
3.621883E+2	-1.062476E-3
3.624429E+2	-1.096696E-3
3.626976E+2	-8.709510E-4
3.629522E+2	-6.015983E-4
3.632068E+2	-7.566018E-4
3.634614E+2	-6.905481E-4
3.637160E+2	-8.138452E-4
3.639705E+2	-9.311150E-4
3.642250E+2	-9.437340E-4
3.644794E+2	-6.773667E-4
3.647339E+2	-6.142060E-4
3.649883E+2	-6.244288E-4
3.652426E+2	-7.295114E-4
3.654970E+2	-2.782808E-4
3.657513E+2	-5.545817E-4
3.660056E+2	-3.184838E-4
3.662598E+2	-2.928552E-4
3.665140E+2	-4.125987E-4
3.667682E+2	-1.513111E-4
3.670224E+2	-1.658326E-4
3.672766E+2	-1.595730E-4
3.675307E+2	-3.092312E-4
3.677847E+2	-2.857835E-4
3.680388E+2	-3.041198E-4
3.682928E+2	-2.972703E-4
3.685468E+2	-4.028128E-4
3.688008E+2	-1.611701E-4
3.690547E+2	-3.092203E-4
3.693086E+2	-1.691911E-4
3.695625E+2	-2.150258E-4
3.698164E+2	-2.484677E-4
3.700702E+2	-3.040513E-4
3.703240E+2	-3.008281E-4
3.705777E+2	-4.278185E-4
3.708315E+2	-4.092081E-4
3.710852E+2	-3.394187E-4
3.713389E+2	-3.393604E-4
3.715925E+2	-4.129597E-4
3.718461E+2	-4.251694E-4
3.720997E+2	-5.380192E-4
3.723533E+2	-2.290174E-4
3.726069E+2	-4.434371E-4
3.728604E+2	-3.793892E-4
3.731138E+2	-2.924792E-4
3.733673E+2	-3.973303E-4
3.736207E+2	-3.698985E-4
3.738741E+2	-3.263236E-4
3.741275E+2	-4.628529E-4
3.743808E+2	-4.069768E-4
3.746341E+2	-3.498602E-4
3.748874E+2	-3.500560E-4
3.751407E+2	-4.140498E-4
3.753939E+2	-2.380744E-4
3.756471E+2	-3.800473E-4
3.759003E+2	-2.949351E-4
3.761534E+2	-3.421798E-4
3.764066E+2	-4.059065E-4
3.766596E+2	-3.212142E-4
3.769127E+2	-2.750490E-4
3.771657E+2	-2.907733E-4
3.774187E+2	-2.078217E-4
3.776717E+2	-1.798368E-4
3.779247E+2	-2.683016E-4
3.781776E+2	-1.724941E-4
3.784305E+2	-1.864964E-4
3.786834E+2	-9.157448E-5
3.789362E+2	-1.520969E-4
3.791890E+2	-2.956110E-4
3.794418E+2	-1.954403E-4
3.796945E+2	-1.676860E-4
3.799473E+2	-1.555514E-4
3.802000E+2	-1.004111E-4
3.804527E+2	-1.805793E-4
3.807053E+2	-1.103873E-4
3.809579E+2	-2.167584E-4
3.812105E+2	-6.241071E-5
3.814631E+2	-6.446146E-5
3.817156E+2	-1.057548E-4
3.819681E+2	-5.735146E-5
3.822206E+2	-3.787983E-5
3.824731E+2	-7.827966E-5
3.827255E+2	-1.247492E-4
3.829779E+2	-4.425825E-5
3.832303E+2	-5.119131E-5
3.834826E+2	-1.640215E-5
3.837349E+2	-2.503017E-3
3.839872E+2	-7.391395E-6
3.842395E+2	1.266453E-5
3.844917E+2	3.668332E-5
3.847439E+2	2.204159E-5
3.849961E+2	1.002891E-5
3.852483E+2	9.570746E-5
3.855004E+2	5.681295E-5
3.857525E+2	7.977873E-5
3.860046E+2	3.571309E-5
3.862566E+2	1.581002E-4
3.865086E+2	9.491493E-5
3.867606E+2	1.495290E-4
3.870126E+2	8.164213E-5
3.872645E+2	1.169548E-4
3.875165E+2	8.733187E-5
3.877684E+2	8.100990E-5
3.880202E+2	1.215078E-4
3.882720E+2	1.476728E-4
3.885239E+2	1.464857E-4
3.887756E+2	2.080656E-4
3.890274E+2	1.656338E-4
3.892791E+2	1.902572E-4
3.895308E+2	1.502043E-4
3.897825E+2	2.266643E-4
3.900341E+2	2.039251E-4
3.902858E+2	2.132836E-4
3.905374E+2	2.764296E-4
3.907889E+2	1.950338E-4
3.910405E+2	2.813708E-4
3.912920E+2	2.685237E-4
3.915435E+2	3.114483E-4
3.917949E+2	2.936060E-4
3.920464E+2	3.348274E-4
3.922978E+2	2.535711E-4
3.925492E+2	3.047985E-4
3.928005E+2	2.882960E-4
3.930519E+2	3.485198E-4
3.933032E+2	3.293379E-4
3.935545E+2	3.651505E-4
3.938057E+2	3.935516E-4
3.940569E+2	3.506464E-4
3.943081E+2	4.082363E-4
3.945593E+2	4.096768E-4
3.948105E+2	3.713407E-4
3.950616E+2	4.142553E-4
3.953127E+2	4.439570E-4
3.955638E+2	4.301446E-4
3.958148E+2	4.347455E-4
3.960658E+2	4.447056E-4
3.963168E+2	4.332027E-4
3.965678E+2	4.562492E-4
3.968187E+2	4.294185E-4
3.970697E+2	4.821684E-4
3.973205E+2	4.565398E-4
3.975714E+2	4.728607E-4
3.978223E+2	4.862944E-4
3.980731E+2	4.985523E-4
3.983239E+2	5.162220E-4
3.985746E+2	5.040210E-4
3.988254E+2	5.218721E-4
3.990761E+2	5.117450E-4
3.993268E+2	5.651249E-4
3.995774E+2	5.873435E-4
3.998281E+2	5.716318E-4
4.000787E+2	6.201135E-4
4.003292E+2	6.070138E-4
4.005798E+2	6.374381E-4
4.008303E+2	6.541804E-4
4.010808E+2	6.651490E-4
4.013313E+2	6.876710E-4
4.015818E+2	7.498214E-4
4.018322E+2	7.333437E-4
4.020826E+2	7.661284E-4
4.023330E+2	8.489938E-4
4.025834E+2	8.453013E-4
4.028337E+2	8.921484E-4
4.030840E+2	9.293697E-4
4.033343E+2	1.002500E-3
4.035846E+2	1.085514E-3
4.038348E+2	1.133943E-3
4.040850E+2	1.202003E-3
4.043352E+2	1.238146E-3
4.045853E+2	1.335693E-3
4.048355E+2	1.425227E-3
4.050856E+2	1.468981E-3
4.053357E+2	1.534614E-3
4.055857E+2	1.659660E-3
4.058357E+2	1.733675E-3
4.060858E+2	1.836434E-3
4.063357E+2	1.928949E-3
4.065857E+2	2.072482E-3
4.068356E+2	2.181243E-3
4.070855E+2	2.323130E-3
4.073354E+2	2.493671E-3
4.075853E+2	2.612082E-3
4.078351E+2	2.757205E-3
4.080849E+2	2.971867E-3
4.083347E+2	3.143105E-3
4.085845E+2	3.310368E-3
4.088342E+2	3.538812E-3
4.090839E+2	3.741300E-3
4.093336E+2	3.927791E-3
4.095833E+2	4.216268E-3
4.098329E+2	4.422838E-3
4.100825E+2	4.683365E-3
4.103321E+2	5.002319E-3
4.105817E+2	5.285009E-3
4.108312E+2	5.613589E-3
4.110807E+2	5.948328E-3
4.113302E+2	6.334133E-3
4.115797E+2	6.690139E-3
4.118291E+2	7.053085E-3
4.120786E+2	7.454816E-3
4.123280E+2	7.884380E-3
4.125773E+2	8.302206E-3
4.128267E+2	8.727124E-3
4.130760E+2	9.282827E-3
4.133253E+2	9.833821E-3
4.135746E+2	1.039551E-2
4.138238E+2	1.096256E-2
4.140731E+2	1.154625E-2
4.143223E+2	1.224813E-2
4.145715E+2	1.285838E-2
4.148206E+2	1.361573E-2
4.150697E+2	1.431354E-2
4.153189E+2	1.505301E-2
4.155679E+2	1.595653E-2
4.158170E+2	1.680848E-2
4.160660E+2	1.765070E-2
4.163151E+2	1.857109E-2
4.165640E+2	1.959677E-2
4.168130E+2	2.059366E-2
4.170620E+2	2.167776E-2
4.173109E+2	2.284054E-2
4.175598E+2	2.401098E-2
4.178086E+2	2.523754E-2
4.180575E+2	2.643612E-2
4.183063E+2	2.793129E-2
4.185551E+2	2.937595E-2
4.188039E+2	3.070138E-2
4.190526E+2	3.238804E-2
4.193014E+2	3.397806E-2
4.195501E+2	3.543800E-2
4.197988E+2	3.717368E-2
4.200474E+2	3.912555E-2
4.202961E+2	4.112316E-2
4.205447E+2	4.295077E-2
4.207933E+2	4.523669E-2
4.210418E+2	4.734161E-2
4.212904E+2	4.935374E-2
4.215389E+2	5.199723E-2
4.217874E+2	5.427205E-2
4.220359E+2	5.690429E-2
4.222843E+2	5.962532E-2
4.225328E+2	6.223613E-2
4.227812E+2	6.511576E-2
4.230296E+2	6.810160E-2
4.232779E+2	7.125886E-2
4.235263E+2	7.444268E-2
4.237746E+2	7.773885E-2
4.240229E+2	8.138474E-2
4.242711E+2	8.498693E-2
4.245194E+2	8.902854E-2
4.247676E+2	9.262160E-2
4.250158E+2	9.736184E-2
4.252640E+2	1.009309E-1
4.255121E+2	1.051233E-1
4.257603E+2	1.099256E-1
4.260084E+2	1.144179E-1
4.262565E+2	1.191005E-1
4.265045E+2	1.239539E-1
4.267526E+2	1.291402E-1
4.270006E+2	1.344942E-1
4.272486E+2	1.396701E-1
4.274966E+2	1.461804E-1
4.277445E+2	1.515198E-1
4.279924E+2	1.569078E-1
4.282404E+2	1.644700E-1
4.284882E+2	1.703969E-1
4.287361E+2	1.762264E-1
4.289839E+2	1.836428E-1
4.292318E+2	1.910019E-1
4.294796E+2	1.980492E-1
4.297273E+2	2.048917E-1
4.299751E+2	2.129925E-1
4.302228E+2	2.208637E-1
4.304705E+2	2.294125E-1
4.307182E+2	2.372767E-1
4.309659E+2	2.459521E-1
4.312135E+2	2.544189E-1
4.314611E+2	2.641070E-1
4.317087E+2	2.722326E-1
4.319563E+2	2.805936E-1
4.322038E+2	2.912917E-1
4.324514E+2	3.004839E-1
4.326989E+2	3.114897E-1
4.329464E+2	3.210100E-1
4.331938E+2	3.317109E-1
4.334413E+2	3.416951E-1
4.336887E+2	3.526032E-1
4.339361E+2	3.637744E-1
4.341835E+2	3.751584E-1
4.344308E+2	3.863412E-1
4.346781E+2	3.973129E-1
4.349255E+2	4.106496E-1
4.351727E+2	4.231014E-1
4.354200E+2	4.328536E-1
4.356673E+2	4.461291E-1
4.359145E+2	4.588920E-1
4.361617E+2	4.719459E-1
4.364089E+2	4.847768E-1
4.366560E+2	4.990337E-1
4.369032E+2	5.105992E-1
4.371503E+2	5.228460E-1
4.373974E+2	5.384639E-1
4.376444E+2	5.518207E-1
4.378915E+2	5.667022E-1
4.381385E+2	5.770989E-1
4.383855E+2	5.933809E-1
4.386325E+2	6.084197E-1
4.388795E+2	6.219075E-1
4.391264E+2	6.360148E-1
4.393734E+2	6.513438E-1
4.396203E+2	6.620248E-1
4.398671E+2	6.777855E-1
4.401140E+2	6.926432E-1
4.403609E+2	7.037455E-1
4.406077E+2	7.194476E-1
4.408545E+2	7.322817E-1
4.411012E+2	7.455915E-1
4.413480E+2	7.584167E-1
4.415947E+2	7.707512E-1
4.418414E+2	7.826160E-1
4.420881E+2	7.947126E-1
4.423348E+2	8.080366E-1
4.425815E+2	8.194163E-1
4.428281E+2	8.269208E-1
4.430747E+2	8.345382E-1
4.433213E+2	8.491002E-1
4.435679E+2	8.555190E-1
4.438144E+2	8.640506E-1
4.440609E+2	8.705921E-1
4.443074E+2	8.785076E-1
4.445539E+2	8.816290E-1
4.448004E+2	8.871818E-1
4.450468E+2	8.904906E-1
4.452932E+2	8.926860E-1
4.455396E+2	8.920896E-1
4.457860E+2	8.957010E-1
4.460324E+2	8.961178E-1
4.462787E+2	8.930639E-1
4.465250E+2	8.896061E-1
4.467713E+2	8.878143E-1
4.470176E+2	8.801915E-1
4.472639E+2	8.756428E-1
4.475101E+2	8.705232E-1
4.477563E+2	8.626754E-1
4.480025E+2	8.525338E-1
4.482487E+2	8.448876E-1
4.484949E+2	8.373411E-1
4.487410E+2	8.217356E-1
4.489871E+2	8.115087E-1
4.492332E+2	7.999654E-1
4.494793E+2	7.868588E-1
4.497254E+2	7.719482E-1
4.499714E+2	7.601758E-1
4.502174E+2	7.451840E-1
4.504634E+2	7.301254E-1
4.507094E+2	7.152999E-1
4.509553E+2	6.998433E-1
4.512013E+2	6.834722E-1
4.514472E+2	6.671046E-1
4.516931E+2	6.538797E-1
4.519390E+2	6.361772E-1
4.521848E+2	6.200096E-1
4.524306E+2	6.059792E-1
4.526765E+2	5.906005E-1
4.529223E+2	5.764057E-1
4.531680E+2	5.603035E-1
4.534138E+2	5.465145E-1
4.536595E+2	5.335797E-1
4.539052E+2	5.160016E-1
4.541509E+2	5.034622E-1
4.543966E+2	4.911235E-1
4.546423E+2	4.759840E-1
4.548879E+2	4.656051E-1
4.551335E+2	4.527628E-1
4.553791E+2	4.390456E-1
4.556247E+2	4.277643E-1
4.558703E+2	4.179062E-1
4.561158E+2	4.067130E-1
4.563613E+2	3.955693E-1
4.566068E+2	3.867004E-1
4.568523E+2	3.764743E-1
4.570978E+2	3.664140E-1
4.573432E+2	3.565102E-1
4.575887E+2	3.486382E-1
4.578341E+2	3.392745E-1
4.580795E+2	3.311393E-1
4.583248E+2	3.232430E-1
4.585702E+2	3.165117E-1
4.588155E+2	3.083619E-1
4.590608E+2	3.010625E-1
4.593061E+2	2.942260E-1
4.595514E+2	2.870178E-1
4.597966E+2	2.798229E-1
4.600419E+2	2.732928E-1
4.602871E+2	2.672592E-1
4.605323E+2	2.608634E-1
4.607775E+2	2.549117E-1
4.610226E+2	2.491867E-1
4.612677E+2	2.426632E-1
4.615129E+2	2.377344E-1
4.617580E+2	2.317951E-1
4.620031E+2	2.260642E-1
4.622481E+2	2.210287E-1
4.624932E+2	2.158152E-1
4.627382E+2	2.110264E-1
4.629832E+2	2.048647E-1
4.632282E+2	2.001593E-1
4.634732E+2	1.959034E-1
4.637181E+2	1.902976E-1
4.639630E+2	1.857603E-1
4.642080E+2	1.809577E-1
4.644529E+2	1.764166E-1
4.646977E+2	1.723562E-1
4.649426E+2	1.674832E-1
4.651874E+2	1.629262E-1
4.654323E+2	1.587121E-1
4.656771E+2	1.546210E-1
4.659218E+2	1.510086E-1
4.661666E+2	1.467320E-1
4.664114E+2	1.421941E-1
4.666561E+2	1.387931E-1
4.669008E+2	1.349600E-1
4.671455E+2	1.310294E-1
4.673902E+2	1.278529E-1
4.676348E+2	1.241369E-1
4.678795E+2	1.204659E-1
4.681241E+2	1.176198E-1
4.683687E+2	1.141076E-1
4.686133E+2	1.113211E-1
4.688578E+2	1.080630E-1
4.691024E+2	1.051168E-1
4.693469E+2	1.022253E-1
4.695914E+2	9.931389E-2
4.698359E+2	9.667558E-2
4.700804E+2	9.424824E-2
4.703249E+2	9.192710E-2
4.705693E+2	8.924684E-2
4.708137E+2	8.727466E-2
4.710581E+2	8.495491E-2
4.713025E+2	8.243878E-2
4.715469E+2	8.057706E-2
4.717912E+2	7.853939E-2
4.720356E+2	7.654437E-2
4.722799E+2	7.468667E-2
4.725242E+2	7.283420E-2
4.727685E+2	7.092294E-2
4.730127E+2	6.926778E-2
4.732570E+2	6.804346E-2
4.735012E+2	6.651086E-2
4.737454E+2	6.455495E-2
4.739896E+2	6.314349E-2
4.742338E+2	6.180790E-2
4.744779E+2	6.027215E-2
4.747221E+2	5.892640E-2
4.749662E+2	5.759527E-2
4.752103E+2	5.634208E-2
4.754544E+2	5.510935E-2
4.756985E+2	5.386793E-2
4.759425E+2	5.299067E-2
4.761866E+2	5.181120E-2
4.764306E+2	5.064455E-2
4.766746E+2	4.955322E-2
4.769186E+2	4.860447E-2
4.771625E+2	4.751052E-2
4.774065E+2	4.663541E-2
4.776504E+2	4.571867E-2
4.778943E+2	4.465326E-2
4.781382E+2	4.396383E-2
4.783821E+2	4.315150E-2
4.786260E+2	4.207451E-2
4.788698E+2	4.139015E-2
4.791137E+2	4.059656E-2
4.793575E+2	3.983770E-2
4.796013E+2	3.906045E-2
4.798451E+2	3.826790E-2
4.800888E+2	3.757472E-2
4.803326E+2	3.674841E-2
4.805763E+2	3.612190E-2
4.808200E+2	3.538907E-2
4.810637E+2	3.479962E-2
4.813074E+2	3.408874E-2
4.815511E+2	3.347649E-2
4.817947E+2	3.286810E-2
4.820383E+2	3.234464E-2
4.822820E+2	3.168891E-2
4.825256E+2	3.113322E-2
4.827691E+2	3.056970E-2
4.830127E+2	3.005678E-2
4.832562E+2	2.950535E-2
4.834998E+2	2.895674E-2
4.837433E+2	2.862237E-2
4.839868E+2	2.809487E-2
4.842303E+2	2.757775E-2
4.844737E+2	2.719023E-2
4.847172E+2	2.668393E-2
4.849606E+2	2.640549E-2
4.852040E+2	2.591397E-2
4.854474E+2	2.555555E-2
4.856908E+2	2.515608E-2
4.859342E+2	2.476994E-2
4.861775E+2	2.440519E-2
4.864209E+2	2.402885E-2
4.866642E+2	2.376995E-2
4.869075E+2	2.343181E-2
4.871508E+2	2.305588E-2
4.873940E+2	2.282033E-2
4.876373E+2	2.257190E-2
4.878805E+2	2.231241E-2
4.881238E+2	2.202669E-2
4.883670E+2	2.173356E-2
4.886102E+2	2.146546E-2
4.888533E+2	2.122779E-2
4.890965E+2	2.106478E-2
4.893396E+2	2.083479E-2
4.895828E+2	2.058062E-2
4.898259E+2	2.038173E-2
4.900690E+2	2.025475E-2
4.903121E+2	2.005884E-2
4.905551E+2	1.984686E-2
4.907982E+2	1.969125E-2
4.910412E+2	1.951888E-2
4.912842E+2	1.933854E-2
4.915272E+2	1.915672E-2
4.917702E+2	1.905732E-2
4.920132E+2	1.889615E-2
4.922561E+2	1.880244E-2
4.924991E+2	1.869982E-2
4.927420E+2	1.854257E-2
4.929849E+2	1.839823E-2
4.932278E+2	1.830531E-2
4.934707E+2	1.826422E-2
4.937135E+2	1.816595E-2
4.939564E+2	1.807222E-2
4.941992E+2	1.793535E-2
4.944420E+2	1.782381E-2
4.946848E+2	1.779483E-2
4.949276E+2	1.767050E-2
4.951704E+2	1.758229E-2
4.954131E+2	1.754007E-2
4.956559E+2	1.738994E-2
4.958986E+2	1.735201E-2
4.961413E+2	1.721856E-2
4.963840E+2	1.725308E-2
4.966267E+2	1.716081E-2
4.968694E+2	1.713410E-2
4.971120E+2	1.700941E-2
4.973547E+2	1.701423E-2
4.975973E+2	1.690668E-2
4.978399E+2	1.691789E-2
4.980825E+2	1.686036E-2
4.983250E+2	1.682117E-2
4.985676E+2	1.674648E-2
4.988102E+2	1.666003E-2
4.990527E+2	1.665816E-2
4.992952E+2	1.664956E-2
4.995377E+2	1.662257E-2
4.997802E+2	1.662288E-2
5.000227E+2	1.656727E-2
5.002651E+2	1.651089E-2
5.005076E+2	1.648913E-2
5.007500E+2	1.651482E-2
5.009924E+2	1.646065E-2
5.012348E+2	1.647065E-2
5.014772E+2	1.638386E-2
5.017196E+2	1.642910E-2
5.019619E+2	1.643415E-2
5.022043E+2	1.636928E-2
5.024466E+2	1.640659E-2
5.026889E+2	1.636373E-2
5.029312E+2	1.639232E-2
5.031735E+2	1.639060E-2
5.034157E+2	1.637456E-2
5.036580E+2	1.641945E-2
5.039002E+2	1.639074E-2
5.041425E+2	1.645390E-2
5.043847E+2	1.639149E-2
5.046269E+2	1.642672E-2
5.048691E+2	1.635163E-2
5.051112E+2	1.639766E-2
5.053534E+2	1.638371E-2
5.055955E+2	1.645163E-2
5.058377E+2	1.646203E-2
5.060798E+2	1.644716E-2
5.063219E+2	1.646542E-2
5.065640E+2	1.654364E-2
5.068060E+2	1.654930E-2
5.070481E+2	1.655002E-2
5.072901E+2	1.654284E-2
5.075322E+2	1.656600E-2
5.077742E+2	1.658773E-2
5.080162E+2	1.664392E-2
5.082582E+2	1.661889E-2
5.085001E+2	1.662482E-2
5.087421E+2	1.669076E-2
5.089841E+2	1.675092E-2
5.092260E+2	1.676636E-2
5.094679E+2	1.677784E-2
5.097098E+2	1.679479E-2
5.099517E+2	1.684319E-2
5.101936E+2	1.689635E-2
5.104355E+2	1.690833E-2
5.106773E+2	1.699108E-2
5.109191E+2	1.697525E-2
5.111610E+2	1.704392E-2
5.114028E+2	1.704653E-2
5.116446E+2	1.709221E-2
5.118864E+2	1.713807E-2
5.121281E+2	1.719119E-2
5.123699E+2	1.720538E-2
5.126116E+2	1.726117E-2
5.128534E+2	1.730205E-2
5.130951E+2	1.734845E-2
5.133368E+2	1.737263E-2
5.135785E+2	1.746455E-2
5.138202E+2	1.747321E-2
5.140618E+2	1.749112E-2
5.143035E+2	1.757175E-2
5.145451E+2	1.757621E-2
5.147868E+2	1.763363E-2
5.150284E+2	1.767535E-2
5.152700E+2	1.772226E-2
5.155116E+2	1.776168E-2
5.157531E+2	1.779082E-2
5.159947E+2	1.788713E-2
5.162362E+2	1.788660E-2
5.164778E+2	1.793570E-2
5.167193E+2	1.800720E-2
5.169608E+2	1.803656E-2
5.172023E+2	1.814300E-2
5.174438E+2	1.815886E-2
5.176853E+2	1.813925E-2
5.179267E+2	1.829857E-2
5.181682E+2	1.831435E-2
5.184096E+2	1.835237E-2
5.186510E+2	1.844325E-2
5.188924E+2	1.842672E-2
5.191338E+2	1.850640E-2
5.193752E+2	1.860688E-2
5.196166E+2	1.865371E-2
5.198580E+2	1.869562E-2
5.200993E+2	1.874774E-2
5.203406E+2	1.879985E-2
5.205820E+2	1.888305E-2
5.208233E+2	1.891598E-2
5.210646E+2	1.894455E-2
5.213058E+2	1.894890E-2
5.215471E+2	1.906685E-2
5.217884E+2	1.917107E-2
5.220296E+2	1.920746E-2
5.222709E+2	1.924392E-2
5.225121E+2	1.932900E-2
5.227533E+2	1.940662E-2
5.229945E+2	1.945898E-2
5.232357E+2	1.949861E-2
5.234768E+2	1.952738E-2
5.237180E+2	1.962125E-2
5.239592E+2	1.969756E-2
5.242003E+2	1.973962E-2
5.244414E+2	1.978294E-2
5.246825E+2	1.989802E-2
5.249236E+2	1.993001E-2
5.251647E+2	2.004649E-2
5.254058E+2	2.004951E-2
5.256469E+2	2.013468E-2
5.258879E+2	2.021846E-2
5.261290E+2	2.026087E-2
5.263700E+2	2.030654E-2
5.266110E+2	2.040237E-2
5.268520E+2	2.046435E-2
5.270930E+2	2.053392E-2
5.273340E+2	2.064452E-2
5.275750E+2	2.073887E-2
5.278159E+2	2.074146E-2
5.280569E+2	2.084344E-2
5.282978E+2	2.089002E-2
5.285388E+2	2.094586E-2
5.287797E+2	2.101326E-2
5.290206E+2	2.107172E-2
5.292615E+2	2.117059E-2
5.295023E+2	2.125826E-2
5.297432E+2	2.127417E-2
5.299841E+2	2.140133E-2
5.302249E+2	2.147526E-2
5.304658E+2	2.147740E-2
5.307066E+2	2.161841E-2
5.309474E+2	2.165261E-2
5.311882E+2	2.169730E-2
5.314290E+2	2.182647E-2
5.316698E+2	2.185645E-2
5.319105E+2	2.191862E-2
5.321513E+2	2.202749E-2
5.323920E+2	2.209498E-2
5.326328E+2	2.214209E-2
5.328735E+2	2.225569E-2
5.331142E+2	2.232739E-2
5.333549E+2	2.235328E-2
5.335956E+2	2.247550E-2
5.338363E+2	2.252705E-2
5.340769E+2	2.260361E-2
5.343176E+2	2.272950E-2
5.345582E+2	2.272741E-2
5.347989E+2	2.283348E-2
5.350395E+2	2.291289E-2
5.352801E+2	2.297074E-2
5.355207E+2	2.307712E-2
5.357613E+2	2.317876E-2
5.360019E+2	2.318556E-2
5.362424E+2	2.329646E-2
5.364830E+2	2.334924E-2
5.367236E+2	2.346341E-2
5.369641E+2	2.355950E-2
5.372046E+2	2.359297E-2
5.374451E+2	2.370288E-2
5.376856E+2	2.379540E-2
5.379261E+2	2.386899E-2
5.381666E+2	2.391370E-2
5.384071E+2	2.401055E-2
5.386476E+2	2.407404E-2
5.388880E+2	2.416941E-2
5.391285E+2	2.432395E-2
5.393689E+2	2.434725E-2
5.396093E+2	2.443044E-2
5.398497E+2	2.449411E-2
5.400901E+2	2.457161E-2
5.403305E+2	2.471622E-2
5.405709E+2	2.475704E-2
5.408113E+2	2.484337E-2
5.410516E+2	2.482319E-2
5.412920E+2	2.497682E-2
5.415323E+2	2.511233E-2
5.417727E+2	2.520181E-2
5.420130E+2	2.528806E-2
5.422533E+2	2.532856E-2
5.424936E+2	2.541351E-2
5.427339E+2	2.553046E-2
5.429742E+2	2.564603E-2
5.432144E+2	2.566785E-2
5.434547E+2	2.578166E-2
5.436950E+2	2.589018E-2
5.439352E+2	2.597351E-2
5.441754E+2	2.604232E-2
5.444156E+2	2.615468E-2
5.446559E+2	2.621486E-2
5.448961E+2	2.633958E-2
5.451363E+2	2.634315E-2
5.453764E+2	2.653164E-2
5.456166E+2	2.658910E-2
5.458568E+2	2.669811E-2
5.460969E+2	2.682380E-2
5.463371E+2	2.686156E-2
5.465772E+2	2.695213E-2
5.468173E+2	2.702434E-2
5.470575E+2	2.713081E-2
5.472976E+2	2.719246E-2
5.475377E+2	2.733170E-2
5.477777E+2	2.740364E-2
5.480178E+2	2.760125E-2
5.482579E+2	2.761871E-2
5.484979E+2	2.772185E-2
5.487380E+2	2.776864E-2
5.489780E+2	2.790236E-2
5.492181E+2	2.799027E-2
5.494581E+2	2.802634E-2
5.496981E+2	2.816931E-2
5.499381E+2	2.833090E-2
5.501781E+2	2.839712E-2
5.504181E+2	2.847165E-2
5.506581E+2	2.859406E-2
5.508980E+2	2.872567E-2
5.511380E+2	2.879094E-2
5.513779E+2	2.885825E-2
5.516179E+2	2.896872E-2
5.518578E+2	2.902981E-2
5.520977E+2	2.917929E-2
5.523376E+2	2.930094E-2
5.525775E+2	2.931034E-2
5.528174E+2	2.943838E-2
5.530573E+2	2.956352E-2
5.532972E+2	2.959032E-2
5.535371E+2	2.974479E-2
5.537769E+2	2.984855E-2
5.540168E+2	2.995074E-2
5.542566E+2	3.002974E-2
5.544965E+2	3.016949E-2
5.547363E+2	3.023464E-2
5.549761E+2	3.030786E-2
5.552159E+2	3.043838E-2
5.554557E+2	3.057076E-2
5.556955E+2	3.062399E-2
5.559353E+2	3.078109E-2
5.561751E+2	3.086593E-2
5.564148E+2	3.096970E-2
5.566546E+2	3.105956E-2
5.568943E+2	3.118903E-2
5.571341E+2	3.128773E-2
5.573738E+2	3.131464E-2
5.576135E+2	3.149762E-2
5.578532E+2	3.162403E-2
5.580929E+2	3.165183E-2
5.583326E+2	3.176467E-2
5.585723E+2	3.190369E-2
5.588120E+2	3.197424E-2
5.590517E+2	3.210727E-2
5.592914E+2	3.218954E-2
5.595310E+2	3.232936E-2
5.597707E+2	3.236395E-2
5.600103E+2	3.243399E-2
5.602499E+2	3.267207E-2
5.604896E+2	3.271959E-2
5.607292E+2	3.284991E-2
5.609688E+2	3.287724E-2
5.612084E+2	3.306222E-2
5.614480E+2	3.317341E-2
5.616876E+2	3.323728E-2
5.619272E+2	3.335300E-2
5.621667E+2	3.349921E-2
5.624063E+2	3.356510E-2
5.626458E+2	3.373058E-2
5.628854E+2	3.378191E-2
5.631249E+2	3.385887E-2
5.633645E+2	3.399945E-2
5.636040E+2	3.417755E-2
5.638435E+2	3.423883E-2
5.640830E+2	3.431373E-2
5.643225E+2	3.449218E-2
5.645620E+2	3.453436E-2
5.648015E+2	3.461559E-2
5.650410E+2	3.477120E-2
5.652804E+2	3.486578E-2
5.655199E+2	3.506619E-2
5.657593E+2	3.507626E-2
5.659988E+2	3.525576E-2
5.662382E+2	3.535742E-2
5.664777E+2	3.541560E-2
5.667171E+2	3.557470E-2
5.669565E+2	3.561426E-2
5.671959E+2	3.582856E-2
5.674353E+2	3.585068E-2
5.676747E+2	3.605469E-2
5.679141E+2	3.620870E-2
5.681535E+2	3.615326E-2
5.683929E+2	3.635998E-2
5.686322E+2	3.650089E-2
5.688716E+2	3.655311E-2
5.691109E+2	3.656555E-2
5.693503E+2	3.681802E-2
5.695896E+2	3.694941E-2
5.698290E+2	3.701570E-2
5.700683E+2	3.710925E-2
5.703076E+2	3.721691E-2
5.705469E+2	3.735900E-2
5.707862E+2	3.745371E-2
5.710255E+2	3.762962E-2
5.712648E+2	3.769056E-2
5.715041E+2	3.778458E-2
5.717434E+2	3.797520E-2
5.719827E+2	3.800625E-2
5.722219E+2	3.814591E-2
5.724612E+2	3.818231E-2
5.727004E+2	3.844989E-2
5.729397E+2	3.849897E-2
5.731789E+2	3.852762E-2
5.734181E+2	3.877674E-2
5.736574E+2	3.876482E-2
5.738966E+2	3.890926E-2
5.741358E+2	3.903773E-2
5.743750E+2	3.914021E-2
5.746142E+2	3.924025E-2
5.748534E+2	3.938357E-2
5.750926E+2	3.954233E-2
5.753317E+2	3.955339E-2
5.755709E+2	3.964943E-2
5.758101E+2	3.988197E-2
5.760492E+2	4.006895E-2
5.762884E+2	4.014841E-2
5.765275E+2	4.016475E-2
5.767667E+2	4.026811E-2
5.770058E+2	4.044223E-2
5.772450E+2	4.053115E-2
5.774841E+2	4.058857E-2
5.777232E+2	4.078794E-2
5.779623E+2	4.090908E-2
5.782014E+2	4.108440E-2
5.784405E+2	4.114045E-2
5.786796E+2	4.116264E-2
5.789187E+2	4.133679E-2
5.791578E+2	4.138543E-2
5.793968E+2	4.152343E-2
5.796359E+2	4.165237E-2
5.798750E+2	4.179881E-2
5.801140E+2	4.191873E-2
5.803531E+2	4.205100E-2
5.805921E+2	4.223209E-2
5.808312E+2	4.236631E-2
5.810702E+2	4.241620E-2
5.813092E+2	4.256841E-2
5.815482E+2	4.260589E-2
5.817873E+2	4.276019E-2
5.820263E+2	4.283847E-2
5.822653E+2	4.297643E-2
5.825043E+2	4.315152E-2
5.827433E+2	4.327982E-2
5.829823E+2	4.336652E-2
5.832212E+2	4.365337E-2
5.834602E+2	4.359595E-2
5.836992E+2	4.383413E-2
5.839382E+2	4.393968E-2
5.841771E+2	4.394070E-2
5.844161E+2	4.416401E-2
5.846550E+2	4.440665E-2
5.848940E+2	4.444240E-2
5.851329E+2	4.450120E-2
5.853718E+2	4.462238E-2
5.856108E+2	4.465577E-2
5.858497E+2	4.495397E-2
5.860886E+2	4.511926E-2
5.863275E+2	4.520548E-2
5.865664E+2	4.531068E-2
5.868053E+2	4.531985E-2
5.870442E+2	4.563769E-2
5.872831E+2	4.571657E-2
5.875220E+2	4.565388E-2
5.877609E+2	4.595498E-2
5.879998E+2	4.607857E-2
5.882387E+2	4.628112E-2
5.884775E+2	4.637488E-2
5.887164E+2	4.652614E-2
5.889552E+2	4.671579E-2
5.891941E+2	4.678948E-2
5.894330E+2	4.687631E-2
5.896718E+2	4.707256E-2
5.899106E+2	4.725153E-2
5.901495E+2	4.741574E-2
5.903883E+2	4.749541E-2
5.906271E+2	4.773617E-2
5.908659E+2	4.774729E-2
5.911048E+2	4.783541E-2
5.913436E+2	4.801578E-2
5.915824E+2	4.825729E-2
5.918212E+2	4.832026E-2
5.920600E+2	4.851611E-2
5.922988E+2	4.870505E-2
5.925376E+2	4.881479E-2
5.927763E+2	4.897861E-2
5.930151E+2	4.915825E-2
5.932539E+2	4.930077E-2
5.934927E+2	4.951095E-2
5.937314E+2	4.958748E-2
5.939702E+2	4.973710E-2
5.942090E+2	4.991494E-2
5.944477E+2	5.009086E-2
5.946865E+2	5.031382E-2
5.949252E+2	5.032142E-2
5.951639E+2	5.073610E-2
5.954027E+2	5.074009E-2
5.956414E+2	5.097654E-2
5.958801E+2	5.117941E-2
5.961189E+2	5.126856E-2
5.963576E+2	5.160167E-2
5.965963E+2	5.169341E-2
5.968350E+2	5.203549E-2
5.970737E+2	5.204320E-2
5.973124E+2	5.229103E-2
5.975511E+2	5.252199E-2
5.977898E+2	5.270761E-2
5.980285E+2	5.287532E-2
5.982672E+2	5.312205E-2
5.985059E+2	5.339129E-2
5.987446E+2	5.360497E-2
5.989833E+2	5.381129E-2
5.992219E+2	5.378352E-2
5.994606E+2	5.414587E-2
5.996993E+2	5.439579E-2
6.001478E+2	5.501931E-2
6.003891E+2	5.528938E-2
6.006303E+2	5.565693E-2
6.008715E+2	5.593180E-2
6.011127E+2	5.598581E-2
6.013539E+2	5.618826E-2
6.015950E+2	5.661460E-2
6.018361E+2	5.706785E-2
6.020772E+2	5.713521E-2
6.023183E+2	5.739002E-2
6.025593E+2	5.781214E-2
6.028003E+2	5.811079E-2
6.030413E+2	5.842400E-2
6.032823E+2	5.862821E-2
6.035232E+2	5.911332E-2
6.037641E+2	5.950108E-2
6.040050E+2	5.974812E-2
6.042459E+2	5.983926E-2
6.044868E+2	6.024380E-2
6.047276E+2	6.066432E-2
6.049684E+2	6.102721E-2
6.052092E+2	6.144586E-2
6.054499E+2	6.187778E-2
6.056906E+2	6.226174E-2
6.059313E+2	6.262621E-2
6.061720E+2	6.297207E-2
6.064127E+2	6.336524E-2
6.066533E+2	6.370576E-2
6.068939E+2	6.426554E-2
6.071345E+2	6.463130E-2
6.073751E+2	6.516877E-2
6.076156E+2	6.547522E-2
6.078561E+2	6.614106E-2
6.080966E+2	6.636196E-2
6.083371E+2	6.710530E-2
6.085775E+2	6.768421E-2
6.088179E+2	6.808458E-2
6.090583E+2	6.861321E-2
6.092987E+2	6.931429E-2
6.095390E+2	6.959170E-2
6.097794E+2	7.038099E-2
6.100197E+2	7.101412E-2
6.102599E+2	7.158568E-2
6.105002E+2	7.222993E-2
6.107404E+2	7.279515E-2
6.109806E+2	7.331098E-2
6.112208E+2	7.409646E-2
6.114609E+2	7.470062E-2
6.117011E+2	7.526884E-2
6.119412E+2	7.631602E-2
6.121813E+2	7.685521E-2
6.124213E+2	7.764197E-2
6.126614E+2	7.833482E-2
6.129014E+2	7.919743E-2
6.131414E+2	7.987671E-2
6.133813E+2	8.089291E-2
6.136213E+2	8.171162E-2
6.138612E+2	8.263339E-2
6.141011E+2	8.340402E-2
6.143409E+2	8.419037E-2
6.145808E+2	8.528750E-2
6.148206E+2	8.600127E-2
6.150604E+2	8.673566E-2
6.153002E+2	8.780470E-2
6.155399E+2	8.862562E-2
6.157797E+2	9.000994E-2
6.160194E+2	9.102684E-2
6.162590E+2	9.200735E-2
6.164987E+2	9.297888E-2
6.167383E+2	9.410768E-2
6.169779E+2	9.533976E-2
6.172175E+2	9.633097E-2
6.174571E+2	9.744550E-2
6.176966E+2	9.876921E-2
6.179361E+2	9.986761E-2
6.181756E+2	1.013343E-1
6.184151E+2	1.022896E-1
6.186545E+2	1.036305E-1
6.188939E+2	1.050878E-1
6.191333E+2	1.043188E-1
6.193727E+2	1.075330E-1
6.196120E+2	1.089409E-1
6.198514E+2	1.103607E-1
6.200907E+2	1.121558E-1
6.203299E+2	1.134882E-1
6.205692E+2	1.150437E-1
6.208084E+2	1.164132E-1
6.210476E+2	1.178318E-1
6.212868E+2	1.195616E-1
6.215260E+2	1.211159E-1
6.217651E+2	1.229287E-1
6.220042E+2	1.245410E-1
6.222433E+2	1.265439E-1
6.224824E+2	1.277548E-1
6.227214E+2	1.298494E-1
6.229604E+2	1.314718E-1
6.231994E+2	1.333770E-1
6.234384E+2	1.352558E-1
6.236773E+2	1.373078E-1
6.239163E+2	1.391257E-1
6.241552E+2	1.407982E-1
6.243940E+2	1.432781E-1
6.246329E+2	1.453097E-1
6.248717E+2	1.473815E-1
6.251105E+2	1.497977E-1
6.253493E+2	1.517102E-1
6.255881E+2	1.540383E-1
6.258268E+2	1.561185E-1
6.260655E+2	1.591410E-1
6.263042E+2	1.614027E-1
6.265429E+2	1.641462E-1
6.267815E+2	1.660522E-1
6.270201E+2	1.686373E-1
6.272587E+2	1.712077E-1
6.274973E+2	1.736823E-1
6.277358E+2	1.761446E-1
6.279743E+2	1.788067E-1
6.282128E+2	1.814006E-1
6.284513E+2	1.845294E-1
6.286898E+2	1.876969E-1
6.289282E+2	1.904858E-1
6.291666E+2	1.930426E-1
6.294050E+2	1.965639E-1
6.296434E+2	1.989700E-1
6.298817E+2	2.019207E-1
6.301200E+2	2.052094E-1
6.303583E+2	2.083827E-1
6.305966E+2	2.113761E-1
6.308348E+2	2.145589E-1
6.310730E+2	2.182022E-1
6.313112E+2	2.210860E-1
6.315494E+2	2.248194E-1
6.317875E+2	2.281162E-1
6.320257E+2	2.310030E-1
6.322638E+2	2.349689E-1
6.325019E+2	2.384607E-1
6.327399E+2	2.419953E-1
6.329779E+2	2.457879E-1
6.332160E+2	2.498756E-1
6.334539E+2	2.528580E-1
6.336919E+2	2.565954E-1
6.339298E+2	2.608693E-1
6.341678E+2	2.654063E-1
6.344057E+2	2.692557E-1
6.346435E+2	2.728248E-1
6.348814E+2	2.774011E-1
6.351192E+2	2.816779E-1
6.353570E+2	2.863565E-1
6.355948E+2	2.901644E-1
6.358325E+2	2.944325E-1
6.360703E+2	2.996963E-1
6.363080E+2	3.045155E-1
6.365457E+2	3.090324E-1
6.367833E+2	3.136679E-1
6.370210E+2	3.184533E-1
6.372586E+2	3.239574E-1
6.374962E+2	3.290470E-1
6.377337E+2	3.345060E-1
6.379713E+2	3.398695E-1
6.382088E+2	3.462658E-1
6.384463E+2	3.513742E-1
6.386838E+2	3.564727E-1
6.389212E+2	3.634043E-1
6.391587E+2	3.697652E-1
6.393961E+2	3.750152E-1
6.396335E+2	3.815090E-1
6.398708E+2	3.879939E-1
6.401081E+2	3.950497E-1
6.403455E+2	4.009899E-1
6.405828E+2	4.085194E-1
6.408200E+2	4.156231E-1
6.410573E+2	4.226421E-1
6.412945E+2	4.292985E-1
6.415317E+2	4.377566E-1
6.417689E+2	4.452072E-1
6.420060E+2	4.538295E-1
6.422432E+2	4.611712E-1
6.424803E+2	4.697053E-1
6.427173E+2	4.772990E-1
6.429544E+2	4.865143E-1
6.431914E+2	4.948592E-1
6.434285E+2	5.033476E-1
6.436654E+2	5.132529E-1
6.439024E+2	5.220536E-1
6.441394E+2	5.314311E-1
6.443763E+2	5.413717E-1
6.446132E+2	5.506738E-1
6.448501E+2	5.613072E-1
6.450869E+2	5.718757E-1
6.453237E+2	5.809676E-1
6.455606E+2	5.924130E-1
6.457973E+2	6.044680E-1
6.460341E+2	6.152350E-1
6.462708E+2	6.269223E-1
6.465076E+2	6.378890E-1
6.467443E+2	6.504310E-1
6.469809E+2	6.627864E-1
6.472176E+2	6.757698E-1
6.474542E+2	6.872898E-1
6.476908E+2	7.004894E-1
6.479274E+2	7.129702E-1
6.481639E+2	7.267618E-1
6.484005E+2	7.396998E-1
6.486370E+2	7.534038E-1
6.488735E+2	7.676568E-1
6.491099E+2	7.815101E-1
6.493464E+2	7.965031E-1
6.495828E+2	8.116598E-1
6.498192E+2	8.266828E-1
6.500556E+2	8.419469E-1
6.502919E+2	8.568690E-1
6.505282E+2	8.717177E-1
6.507645E+2	8.891823E-1
6.510008E+2	9.059961E-1
6.512371E+2	9.215020E-1
6.514733E+2	9.375428E-1
6.517095E+2	9.544739E-1
6.519457E+2	9.735660E-1
6.521819E+2	9.880455E-1
6.524180E+2	1.005049E+0
6.526542E+2	1.023864E+0
6.528903E+2	1.041147E+0
6.531263E+2	1.059808E+0
6.533624E+2	1.077699E+0
6.535984E+2	1.095129E+0
6.538344E+2	1.114155E+0
6.540704E+2	1.132827E+0
6.543064E+2	1.150339E+0
6.545423E+2	1.167585E+0
6.547782E+2	1.186301E+0
6.550141E+2	1.205619E+0
6.552500E+2	1.225445E+0
6.554859E+2	1.243063E+0
6.557217E+2	1.259569E+0
6.559575E+2	1.283826E+0
6.561933E+2	1.299978E+0
6.564290E+2	1.318117E+0
6.566648E+2	1.335090E+0
6.569005E+2	1.356094E+0
6.571362E+2	1.375358E+0
6.573718E+2	1.393126E+0
6.576075E+2	1.412705E+0
6.578431E+2	1.431102E+0
6.580787E+2	1.449674E+0
6.583143E+2	1.468881E+0
6.585498E+2	1.485950E+0
6.587854E+2	1.508777E+0
6.590209E+2	1.521167E+0
6.592564E+2	1.543451E+0
6.594918E+2	1.559760E+0
6.597273E+2	1.575327E+0
6.599627E+2	1.593171E+0
6.601981E+2	1.611009E+0
6.604335E+2	1.627346E+0
6.606688E+2	1.645298E+0
6.609041E+2	1.661013E+0
6.611395E+2	1.678750E+0
6.613747E+2	1.693590E+0
6.616100E+2	1.712150E+0
6.618452E+2	1.726816E+0
6.620805E+2	1.739204E+0
6.623157E+2	1.751199E+0
6.625508E+2	1.766670E+0
6.627860E+2	1.778639E+0
6.630211E+2	1.795290E+0
6.632562E+2	1.803757E+0
6.634913E+2	1.817327E+0
6.637263E+2	1.823974E+0
6.639614E+2	1.838027E+0
6.641964E+2	1.843220E+0
6.644314E+2	1.850100E+0
6.646664E+2	1.854670E+0
6.649013E+2	1.858659E+0
6.651362E+2	1.858471E+0
6.653711E+2	1.862758E+0
6.656060E+2	1.859534E+0
6.658409E+2	1.859839E+0
6.660757E+2	1.858582E+0
6.663105E+2	1.851723E+0
6.665453E+2	1.846891E+0
6.667801E+2	1.838684E+0
6.670148E+2	1.822626E+0
6.672496E+2	1.812560E+0
6.674843E+2	1.794655E+0
6.677189E+2	1.783123E+0
6.679536E+2	1.765574E+0
6.681882E+2	1.745845E+0
6.684228E+2	1.717893E+0
6.686574E+2	1.697725E+0
6.688920E+2	1.673594E+0
6.691265E+2	1.644877E+0
6.693611E+2	1.616928E+0
6.695956E+2	1.588916E+0
6.698300E+2	1.553313E+0
6.700645E+2	1.523321E+0
6.702989E+2	1.491363E+0
6.705333E+2	1.454556E+0
6.707677E+2	1.421569E+0
6.710021E+2	1.385391E+0
6.712364E+2	1.348116E+0
6.714708E+2	1.310758E+0
6.717050E+2	1.274013E+0
6.719393E+2	1.237398E+0
6.721736E+2	1.199122E+0
6.724078E+2	1.163809E+0
6.726420E+2	1.126372E+0
6.728762E+2	1.089468E+0
6.731104E+2	1.054115E+0
6.733445E+2	1.017353E+0
6.735786E+2	9.830455E-1
6.738127E+2	9.460630E-1
6.740468E+2	9.154212E-1
6.742809E+2	8.817443E-1
6.745149E+2	8.487926E-1
6.747489E+2	8.179986E-1
6.749829E+2	7.870276E-1
6.752169E+2	7.571254E-1
6.754508E+2	7.288222E-1
6.756847E+2	7.010081E-1
6.759186E+2	6.739523E-1
6.761525E+2	6.488939E-1
6.763864E+2	6.243815E-1
6.766202E+2	6.004566E-1
6.768540E+2	5.766867E-1
6.770878E+2	5.543750E-1
6.773216E+2	5.327423E-1
6.775553E+2	5.117221E-1
6.777890E+2	4.932345E-1
6.780227E+2	4.743582E-1
6.782564E+2	4.560015E-1
6.784901E+2	4.376383E-1
6.787237E+2	4.217582E-1
6.789573E+2	4.050220E-1
6.791909E+2	3.892923E-1
6.794245E+2	3.757309E-1
6.796580E+2	3.610050E-1
6.798916E+2	3.477640E-1
6.801251E+2	3.356401E-1
6.803585E+2	3.232168E-1
6.805920E+2	3.116767E-1
6.808254E+2	3.005335E-1
6.810588E+2	2.892130E-1
6.812922E+2	2.791653E-1
6.815256E+2	2.683633E-1
6.817590E+2	2.595328E-1
6.819923E+2	2.510101E-1
6.822256E+2	2.418445E-1
6.824589E+2	2.328071E-1
6.826921E+2	2.252547E-1
6.829254E+2	2.177835E-1
6.831586E+2	2.105580E-1
6.833918E+2	2.038195E-1
6.836250E+2	1.966483E-1
6.838581E+2	1.900815E-1
6.840912E+2	1.839366E-1
6.843243E+2	1.780516E-1
6.845574E+2	1.720857E-1
6.847905E+2	1.662991E-1
6.850235E+2	1.612654E-1
6.852566E+2	1.559573E-1
6.854895E+2	1.511001E-1
6.857225E+2	1.463319E-1
6.859555E+2	1.421008E-1
6.861884E+2	1.375442E-1
6.864213E+2	1.332352E-1
6.866542E+2	1.291171E-1
6.868871E+2	1.253971E-1
6.871199E+2	1.215468E-1
6.873527E+2	1.177741E-1
6.875855E+2	1.143328E-1
6.878183E+2	1.110513E-1
6.880511E+2	1.079606E-1
6.882838E+2	1.047902E-1
6.885165E+2	1.016032E-1
6.887492E+2	9.865036E-2
6.889819E+2	9.589716E-2
6.892145E+2	9.325190E-2
6.894472E+2	9.062041E-2
6.896798E+2	8.816213E-2
6.899123E+2	8.574848E-2
6.901449E+2	8.344649E-2
6.903774E+2	8.114602E-2
6.906100E+2	7.904614E-2
6.908425E+2	7.683307E-2
6.910749E+2	7.476191E-2
6.913074E+2	7.284226E-2
6.915398E+2	7.125884E-2
6.917722E+2	6.924046E-2
6.920046E+2	6.747104E-2
6.922370E+2	6.594351E-2
6.924693E+2	6.421842E-2
6.927016E+2	6.262912E-2
6.929339E+2	6.111763E-2
6.931662E+2	5.958336E-2
6.933985E+2	5.818975E-2
6.936307E+2	5.679779E-2
6.938629E+2	5.543130E-2
6.940951E+2	5.413204E-2
6.943273E+2	5.290531E-2
6.945594E+2	5.170937E-2
6.947916E+2	5.056609E-2
6.950237E+2	4.951425E-2
6.952558E+2	4.840413E-2
6.954878E+2	4.727720E-2
6.957199E+2	4.625475E-2
6.959519E+2	4.527609E-2
6.961839E+2	4.439387E-2
6.964159E+2	4.346117E-2
6.966478E+2	4.245366E-2
6.968797E+2	4.168576E-2
6.971117E+2	4.076043E-2
6.973435E+2	3.996750E-2
6.975754E+2	3.915745E-2
6.978073E+2	3.834426E-2
6.980391E+2	3.761633E-2
6.982709E+2	3.679747E-2
6.985027E+2	3.622337E-2
6.987344E+2	3.557291E-2
6.989662E+2	3.486421E-2
6.991979E+2	3.418381E-2
6.994296E+2	3.348935E-2
6.996613E+2	3.288271E-2
6.998929E+2	3.228283E-2
7.001245E+2	3.173691E-2
7.003562E+2	3.122145E-2
7.005877E+2	3.063078E-2
7.008193E+2	3.008451E-2
7.010509E+2	2.958706E-2
7.012824E+2	2.907211E-2
7.015139E+2	2.862628E-2
7.017454E+2	2.809752E-2
7.019768E+2	2.761217E-2
7.022083E+2	2.711767E-2
7.024397E+2	2.678404E-2
7.026711E+2	2.611231E-2
7.029024E+2	2.590321E-2
7.031338E+2	2.547680E-2
7.033651E+2	2.506119E-2
7.035964E+2	2.466764E-2
7.038277E+2	2.434487E-2
7.040590E+2	2.393887E-2
7.042902E+2	2.361517E-2
7.045215E+2	2.318663E-2
7.047527E+2	2.288172E-2
7.049839E+2	2.255397E-2
7.052150E+2	2.223215E-2
7.054461E+2	2.188305E-2
7.056773E+2	2.162308E-2
7.059084E+2	2.132343E-2
7.061394E+2	2.099134E-2
7.063705E+2	2.070883E-2
7.066015E+2	2.037860E-2
7.068325E+2	2.019947E-2
7.070635E+2	1.985628E-2
7.072945E+2	1.963311E-2
7.075254E+2	1.936700E-2
7.077564E+2	1.914177E-2
7.079873E+2	1.888132E-2
7.082182E+2	1.860534E-2
7.084490E+2	1.840779E-2
7.086799E+2	1.816888E-2
7.089107E+2	1.795912E-2
7.091415E+2	1.774246E-2
7.093723E+2	1.752809E-2
7.096030E+2	1.731766E-2
7.098337E+2	1.716278E-2
7.100645E+2	1.693877E-2
7.102951E+2	1.673056E-2
7.105258E+2	1.652319E-2
7.107565E+2	1.635134E-2
7.109871E+2	1.616120E-2
7.112177E+2	1.596740E-2
7.114483E+2	1.582848E-2
7.116789E+2	1.565299E-2
7.119094E+2	1.544684E-2
7.121399E+2	1.528577E-2
7.123704E+2	1.512960E-2
7.126009E+2	1.502582E-2
7.128314E+2	1.483656E-2
7.130618E+2	1.468927E-2
7.132922E+2	1.456282E-2
7.135226E+2	1.442617E-2
7.137530E+2	1.425821E-2
7.139833E+2	1.412467E-2
7.142137E+2	1.392802E-2
7.144440E+2	1.384164E-2
7.146743E+2	1.370555E-2
7.149045E+2	1.355122E-2
7.151348E+2	1.344675E-2
7.153650E+2	1.332863E-2
7.155952E+2	1.316717E-2
7.158254E+2	1.308835E-2
7.160556E+2	1.294611E-2
7.162857E+2	1.287805E-2
7.165158E+2	1.272352E-2
7.167459E+2	1.263383E-2
7.169760E+2	1.246668E-2
7.172061E+2	1.237846E-2
7.174361E+2	1.226882E-2
7.176661E+2	1.218569E-2
7.178961E+2	1.202793E-2
7.181261E+2	1.197125E-2
7.183561E+2	1.186468E-2
7.185860E+2	1.176415E-2
7.188159E+2	1.165204E-2
7.190458E+2	1.154285E-2
7.192757E+2	1.146699E-2
7.195055E+2	1.137984E-2
7.197353E+2	1.124302E-2
7.199651E+2	1.115866E-2
7.201949E+2	1.106137E-2
7.204247E+2	1.098018E-2
7.206544E+2	1.090327E-2
7.208842E+2	1.082493E-2
7.211139E+2	1.073349E-2
7.213436E+2	1.066637E-2
7.215732E+2	1.054471E-2
7.218029E+2	1.047995E-2
7.220325E+2	1.038627E-2
7.222621E+2	1.028287E-2
7.224916E+2	1.020865E-2
7.227212E+2	1.013365E-2
7.229507E+2	1.006424E-2
7.231803E+2	9.983892E-3
7.234097E+2	9.913815E-3
7.236392E+2	9.849783E-3
7.238687E+2	9.772269E-3
7.240981E+2	9.695055E-3
7.243275E+2	9.595777E-3
7.245569E+2	9.558656E-3
7.247863E+2	9.503784E-3
7.250156E+2	9.419104E-3
7.252449E+2	9.356289E-3
7.254742E+2	9.302143E-3
7.257035E+2	9.189315E-3
7.259328E+2	9.160585E-3
7.261620E+2	9.090934E-3
7.263913E+2	8.997269E-3
7.266205E+2	8.942791E-3
7.268497E+2	8.879760E-3
7.270788E+2	8.812878E-3
7.273080E+2	8.777256E-3
7.275371E+2	8.705538E-3
7.277662E+2	8.651819E-3
7.279952E+2	8.539183E-3
7.282243E+2	8.496897E-3
7.284533E+2	8.444277E-3
7.286824E+2	8.398525E-3
7.289114E+2	8.340191E-3
7.291403E+2	8.253421E-3
7.293693E+2	8.206398E-3
7.295982E+2	8.166855E-3
7.298271E+2	8.090809E-3
7.300560E+2	8.004894E-3
7.302849E+2	7.998992E-3
7.305137E+2	7.943086E-3
7.307426E+2	7.851289E-3
7.309714E+2	7.825080E-3
7.312002E+2	7.775469E-3
7.314289E+2	7.740768E-3
7.316577E+2	7.686653E-3
7.318864E+2	7.630161E-3
7.321151E+2	7.590369E-3
7.323438E+2	7.525080E-3
7.325725E+2	7.485495E-3
7.328011E+2	7.435218E-3
7.330297E+2	7.377180E-3
7.332583E+2	7.303320E-3
7.334869E+2	7.251132E-3
7.337155E+2	7.245926E-3
7.339440E+2	7.185916E-3
7.341725E+2	7.133724E-3
7.344010E+2	7.087551E-3
7.346295E+2	7.062621E-3
7.348580E+2	6.982619E-3
7.350864E+2	6.941393E-3
7.353148E+2	6.910342E-3
7.355432E+2	6.884897E-3
7.357716E+2	6.838198E-3
7.360000E+2	6.771988E-3
7.362283E+2	6.710596E-3
7.364566E+2	6.679003E-3
7.366849E+2	6.613272E-3
7.369132E+2	6.580642E-3
7.371414E+2	6.544896E-3
7.373697E+2	6.518868E-3
7.375979E+2	6.441103E-3
7.378261E+2	6.440437E-3
7.380542E+2	6.404793E-3
7.382824E+2	6.328699E-3
7.385105E+2	6.309048E-3
7.387386E+2	6.261158E-3
7.389667E+2	6.217631E-3
7.391948E+2	6.190870E-3
7.394228E+2	6.131449E-3
7.396509E+2	6.097849E-3
7.398789E+2	6.091379E-3
7.401069E+2	6.019555E-3
7.403348E+2	5.978564E-3
7.405628E+2	5.947992E-3
7.407907E+2	5.924343E-3
7.410186E+2	5.860837E-3
7.412465E+2	5.840445E-3
7.414744E+2	5.787206E-3
7.417022E+2	5.782382E-3
7.419300E+2	5.742457E-3
7.421579E+2	5.705592E-3
7.423856E+2	5.677464E-3
7.426134E+2	5.638813E-3
7.428411E+2	5.580838E-3
7.430689E+2	5.554234E-3
7.432966E+2	5.538566E-3
7.435243E+2	5.480679E-3
7.437519E+2	5.461733E-3
7.439796E+2	5.416683E-3
7.442072E+2	5.373041E-3
7.444348E+2	5.354066E-3
7.446624E+2	5.305534E-3
7.448899E+2	5.288858E-3
7.451175E+2	5.257014E-3
7.453450E+2	5.205597E-3
7.455725E+2	5.173510E-3
7.458000E+2	5.150268E-3
7.460274E+2	5.144324E-3
7.462549E+2	5.099483E-3
7.464823E+2	5.086240E-3
7.467097E+2	5.056293E-3
7.469371E+2	5.020373E-3
7.471644E+2	4.963776E-3
7.473918E+2	4.938770E-3
7.476191E+2	4.935212E-3
7.478464E+2	4.886839E-3
7.480737E+2	4.858685E-3
7.483009E+2	4.837306E-3
7.485282E+2	4.781453E-3
7.487554E+2	4.762017E-3
7.489826E+2	4.748367E-3
7.492098E+2	4.722953E-3
7.494369E+2	4.681558E-3
7.496641E+2	4.642214E-3
7.498912E+2	4.646356E-3
7.501183E+2	4.592894E-3
7.503453E+2	4.583425E-3
7.505724E+2	4.581699E-3
7.507994E+2	4.557248E-3
7.510265E+2	4.495031E-3
7.512535E+2	4.479666E-3
7.514804E+2	4.475705E-3
7.517074E+2	4.441276E-3
7.519343E+2	4.396006E-3
7.521612E+2	4.379633E-3
7.523881E+2	4.354177E-3
7.526150E+2	4.318917E-3
7.528419E+2	4.298383E-3
7.530687E+2	4.274310E-3
7.532955E+2	4.261627E-3
7.535223E+2	4.226912E-3
7.537491E+2	4.199049E-3
7.539758E+2	4.164238E-3
7.542026E+2	4.148715E-3
7.544293E+2	4.128716E-3
7.546560E+2	4.095935E-3
7.548827E+2	4.066967E-3
7.551093E+2	4.043400E-3
7.553360E+2	4.021042E-3
7.555626E+2	3.991601E-3
7.557892E+2	3.969796E-3
7.560158E+2	3.965370E-3
7.562423E+2	3.946927E-3
7.564688E+2	3.906894E-3
7.566954E+2	3.882403E-3
7.569219E+2	3.876208E-3
7.571483E+2	3.856155E-3
7.573748E+2	3.796791E-3
7.576012E+2	3.808494E-3
7.578276E+2	3.787150E-3
7.580540E+2	3.752498E-3
7.582804E+2	3.716021E-3
7.585068E+2	3.709251E-3
7.587331E+2	3.699519E-3
7.589594E+2	3.649860E-3
7.591857E+2	3.626983E-3
7.594120E+2	3.615594E-3
7.596383E+2	3.643350E-3
7.598645E+2	3.589511E-3
7.600907E+2	3.572540E-3
7.603169E+2	3.540669E-3
7.605431E+2	3.508792E-3
7.607693E+2	3.486567E-3
7.609954E+2	3.479607E-3
7.612215E+2	3.454489E-3
7.614476E+2	3.422088E-3
7.616737E+2	3.443875E-3
7.618998E+2	3.390397E-3
7.621258E+2	3.374257E-3
7.623518E+2	3.392814E-3
7.625778E+2	3.347271E-3
7.628038E+2	3.276027E-3
7.630298E+2	3.287029E-3
7.632557E+2	3.291202E-3
7.634816E+2	3.294520E-3
7.637075E+2	3.267646E-3
7.639334E+2	3.240244E-3
7.641593E+2	3.192598E-3
7.643851E+2	3.208427E-3
7.646109E+2	3.158602E-3
7.648367E+2	3.154812E-3
7.650625E+2	3.113948E-3
7.652883E+2	3.122394E-3
7.655140E+2	3.093903E-3
7.657398E+2	3.063293E-3
7.659655E+2	3.074340E-3
7.661911E+2	3.050345E-3
7.664168E+2	3.037289E-3
7.666425E+2	3.010412E-3
7.668681E+2	3.009095E-3
7.670937E+2	2.970497E-3
7.673193E+2	2.957747E-3
7.675448E+2	2.966934E-3
7.677704E+2	2.939843E-3
7.679959E+2	2.899567E-3
7.682214E+2	2.903915E-3
7.684469E+2	2.863770E-3
7.686724E+2	2.865661E-3
7.688978E+2	2.851429E-3
7.691233E+2	2.821389E-3
7.693487E+2	2.789419E-3
7.695741E+2	2.821272E-3
7.697994E+2	2.785725E-3
7.700248E+2	2.761490E-3
7.702501E+2	2.722029E-3
7.704754E+2	2.742086E-3
7.707007E+2	2.717232E-3
7.709260E+2	2.708647E-3
7.711512E+2	2.668928E-3
7.713765E+2	2.677946E-3
7.716017E+2	2.655736E-3
7.718269E+2	2.638870E-3
7.720521E+2	2.624285E-3
7.722772E+2	2.607987E-3
7.725024E+2	2.566518E-3
7.727275E+2	2.573449E-3
7.729526E+2	2.565863E-3
7.731777E+2	2.551961E-3
7.734027E+2	2.525272E-3
7.736278E+2	2.539408E-3
7.738528E+2	2.506296E-3
7.740778E+2	2.509609E-3
7.743028E+2	2.472979E-3
7.745277E+2	2.482476E-3
7.747527E+2	2.468712E-3
7.749776E+2	2.426992E-3
7.752025E+2	2.417586E-3
7.754274E+2	2.394749E-3
7.756522E+2	2.374821E-3
7.758771E+2	2.379073E-3
7.761019E+2	2.376833E-3
7.763267E+2	2.349298E-3
7.765515E+2	2.347232E-3
7.767763E+2	2.333245E-3
7.770010E+2	2.342369E-3
7.772257E+2	2.281220E-3
7.774505E+2	2.283272E-3
7.776751E+2	2.271536E-3
7.778998E+2	2.229102E-3
7.781245E+2	2.218771E-3
7.783491E+2	2.221836E-3
7.785737E+2	2.200481E-3
7.787983E+2	2.176409E-3
7.790229E+2	2.200010E-3
7.792474E+2	2.180788E-3
7.794720E+2	2.161028E-3
7.796965E+2	2.161374E-3
7.799210E+2	2.132094E-3
7.801455E+2	2.153505E-3
7.803699E+2	2.101820E-3
7.805944E+2	2.100311E-3
7.808188E+2	2.082627E-3
7.810432E+2	2.073394E-3
7.812676E+2	2.054850E-3
7.814919E+2	2.081335E-3
7.817163E+2	2.031467E-3
7.819406E+2	2.022181E-3
7.821649E+2	1.970483E-3
7.823892E+2	1.996811E-3
7.826134E+2	2.006130E-3
7.828377E+2	1.973051E-3
7.830619E+2	1.968233E-3
7.832861E+2	1.969470E-3
7.835103E+2	1.970565E-3
7.837345E+2	1.933321E-3
7.839586E+2	1.939968E-3
7.841828E+2	1.924670E-3
7.844069E+2	1.919292E-3
7.846310E+2	1.895918E-3
7.848551E+2	1.888058E-3
7.850791E+2	1.877605E-3
7.853031E+2	1.867081E-3
7.855272E+2	1.856898E-3
7.857512E+2	1.836864E-3
7.859751E+2	1.848123E-3
7.861991E+2	1.806951E-3
7.864230E+2	1.784635E-3
7.866470E+2	1.782116E-3
7.868709E+2	1.778525E-3
7.870947E+2	1.758167E-3
7.873186E+2	1.787739E-3
7.875425E+2	1.750361E-3
7.877663E+2	1.721948E-3
7.879901E+2	1.743382E-3
7.882139E+2	1.726163E-3
7.884376E+2	1.700700E-3
7.886614E+2	1.705503E-3
7.888851E+2	1.718472E-3
7.891088E+2	1.679287E-3
7.893325E+2	1.690586E-3
7.895562E+2	1.681060E-3
7.897799E+2	1.680168E-3
7.900035E+2	1.674714E-3
7.902271E+2	1.641700E-3
7.904507E+2	1.630315E-3
7.906743E+2	1.626507E-3
7.908978E+2	1.610152E-3
7.911214E+2	1.583761E-3
7.913449E+2	1.605814E-3
7.915684E+2	1.608929E-3
7.917919E+2	1.573617E-3
7.920154E+2	1.547036E-3
7.922388E+2	1.561547E-3
7.924622E+2	1.570930E-3
7.926856E+2	1.520622E-3
7.929090E+2	1.507706E-3
7.931324E+2	1.531289E-3
7.933557E+2	1.520773E-3
7.935791E+2	1.517168E-3
7.938024E+2	1.480085E-3
7.940257E+2	1.494511E-3
7.942490E+2	1.464840E-3
7.944722E+2	1.441300E-3
7.946955E+2	1.490500E-3
7.949187E+2	1.457926E-3
7.951419E+2	1.444999E-3
7.953651E+2	1.452013E-3
7.955882E+2	1.411487E-3
7.958114E+2	1.432798E-3
7.960345E+2	1.403358E-3
7.962576E+2	1.399456E-3
7.964807E+2	1.416795E-3
7.967038E+2	1.396583E-3
7.969268E+2	1.385032E-3
7.971498E+2	1.376332E-3
7.973728E+2	1.362271E-3
7.975958E+2	1.392245E-3
7.978188E+2	1.379063E-3
7.980418E+2	1.323627E-3
7.982647E+2	1.303882E-3
7.984876E+2	1.366454E-3
7.987105E+2	1.334891E-3
7.989334E+2	1.329201E-3
7.991563E+2	1.293438E-3
7.993791E+2	1.326920E-3
7.996019E+2	1.295667E-3
7.998247E+2	1.292439E-3
8.000475E+2	1.285025E-3
8.002703E+2	1.274890E-3
8.004930E+2	1.284779E-3
8.007158E+2	1.260128E-3
8.009385E+2	1.258968E-3
8.011612E+2	1.229560E-3
8.013839E+2	1.228230E-3
8.016065E+2	1.238837E-3
8.018292E+2	1.228633E-3
8.020518E+2	1.213696E-3
8.022744E+2	1.232880E-3
8.024970E+2	1.200359E-3
8.027195E+2	1.190505E-3
8.029421E+2	1.199665E-3
8.031646E+2	1.192300E-3
8.033871E+2	1.166872E-3
8.036096E+2	1.190178E-3
8.038321E+2	1.168616E-3
8.040545E+2	1.176019E-3
8.042769E+2	1.135303E-3
8.044993E+2	1.158460E-3
8.047217E+2	1.126674E-3
8.049441E+2	1.141649E-3
8.051665E+2	1.156356E-3
8.053888E+2	1.151766E-3
8.056111E+2	1.127242E-3
8.058334E+2	1.127755E-3
8.060557E+2	1.139239E-3
8.062780E+2	1.098945E-3
8.065002E+2	1.101899E-3
8.067225E+2	1.119228E-3
8.069447E+2	1.109675E-3
8.071669E+2	1.097333E-3
8.073890E+2	1.066368E-3
8.076112E+2	1.056840E-3
8.078333E+2	1.056532E-3
8.080554E+2	1.078141E-3
8.082775E+2	1.088726E-3
8.084996E+2	1.076304E-3
8.087217E+2	1.092847E-3
8.089437E+2	1.051712E-3
8.091658E+2	1.016251E-3
8.093878E+2	1.044718E-3
8.096098E+2	1.042919E-3
8.098317E+2	1.014531E-3
8.100537E+2	1.039535E-3
8.102756E+2	1.004881E-3
8.104975E+2	9.940927E-4
8.107194E+2	9.738831E-4
8.109413E+2	9.751790E-4
8.111632E+2	1.008200E-3
8.113850E+2	9.876405E-4
8.116068E+2	9.949641E-4
8.118286E+2	1.000875E-3
8.120504E+2	9.550081E-4
8.122722E+2	9.760426E-4
8.124939E+2	9.973529E-4
8.127157E+2	9.585370E-4
8.129374E+2	9.566270E-4
8.131591E+2	9.374884E-4
8.133807E+2	9.524010E-4
8.136024E+2	9.195830E-4
8.138240E+2	9.372881E-4
8.140456E+2	9.068945E-4
8.142673E+2	9.048312E-4
8.144888E+2	9.366359E-4
8.147104E+2	9.240545E-4
8.149319E+2	9.542048E-4
8.151535E+2	8.842165E-4
8.153750E+2	9.173454E-4
8.155965E+2	8.670324E-4
8.158180E+2	8.836030E-4
8.160394E+2	8.690623E-4
8.162608E+2	8.971049E-4
8.164823E+2	8.700056E-4
8.167037E+2	8.806748E-4
8.169250E+2	8.912759E-4
8.171464E+2	8.979746E-4
8.173678E+2	8.539810E-4
8.175891E+2	8.709002E-4
8.178104E+2	8.655472E-4
8.180317E+2	8.277663E-4
8.182530E+2	8.324465E-4
8.184742E+2	8.382508E-4
8.186955E+2	8.490451E-4
8.189167E+2	8.450794E-4
8.191379E+2	8.247794E-4
8.193591E+2	8.099758E-4
8.195802E+2	7.834359E-4
8.198014E+2	8.065881E-4
8.200225E+2	8.113576E-4
8.202436E+2	8.174189E-4
8.204647E+2	7.978223E-4
8.206858E+2	8.392335E-4
8.209068E+2	7.805360E-4
8.211279E+2	7.618744E-4
8.213489E+2	8.162256E-4
8.215699E+2	8.069101E-4
8.217909E+2	7.950293E-4
8.220118E+2	7.901070E-4
8.222328E+2	7.774651E-4
8.224537E+2	7.465723E-4
8.226746E+2	7.542015E-4
8.228955E+2	7.914021E-4
8.231164E+2	7.405360E-4
8.233372E+2	7.203291E-4
8.235581E+2	7.464456E-4
8.237789E+2	7.640659E-4
8.239997E+2	7.282608E-4
8.242205E+2	7.557026E-4
8.244413E+2	7.587153E-4
8.246620E+2	7.369044E-4
8.248827E+2	7.324638E-4
8.251034E+2	7.169812E-4
8.253241E+2	7.297108E-4
8.255448E+2	6.934164E-4
8.257655E+2	6.953364E-4
8.259861E+2	7.004048E-4
8.262067E+2	7.363679E-4
8.264273E+2	6.980817E-4
8.266479E+2	7.221191E-4
8.268685E+2	6.906719E-4
8.270890E+2	6.980239E-4
8.273096E+2	6.782877E-4
8.275301E+2	7.338997E-4
8.277506E+2	6.746780E-4
8.279711E+2	6.807119E-4
8.281915E+2	6.942057E-4
8.284120E+2	6.868386E-4
8.286324E+2	6.644202E-4
8.288528E+2	7.185225E-4
8.290732E+2	6.963079E-4
8.292936E+2	6.717992E-4
8.295139E+2	6.621658E-4
8.297342E+2	6.727614E-4
