   3.0000000e+02   0.0000000e+00
   3.0100000e+02   0.0000000e+00
   3.0200000e+02   0.0000000e+00
   3.0300000e+02   0.0000000e+00
   3.0400000e+02   0.0000000e+00
   3.0500000e+02   0.0000000e+00
   3.0600000e+02   0.0000000e+00
   3.0700000e+02   0.0000000e+00
   3.0800000e+02   0.0000000e+00
   3.0900000e+02   0.0000000e+00
   3.1000000e+02   0.0000000e+00
   3.1100000e+02   0.0000000e+00
   3.1200000e+02   0.0000000e+00
   3.1300000e+02   0.0000000e+00
   3.1400000e+02   0.0000000e+00
   3.1500000e+02   0.0000000e+00
   3.1600000e+02   0.0000000e+00
   3.1700000e+02   2.0397644e-03
   3.1800000e+02   6.3181149e-03
   3.1900000e+02   1.0309278e-02
   3.2000000e+02   1.0309278e-02
   3.2100000e+02   1.0309278e-02
   3.2200000e+02   1.0309278e-02
   3.2300000e+02   1.0309278e-02
   3.2400000e+02   1.0309278e-02
   3.2500000e+02   1.0309278e-02
   3.2600000e+02   1.0309278e-02
   3.2700000e+02   1.2604320e-02
   3.2800000e+02   1.9734904e-02
   3.2900000e+02   2.6167269e-02
   3.3000000e+02   3.0575267e-02
   3.3100000e+02   3.4983264e-02
   3.3200000e+02   3.9391262e-02
   3.3300000e+02   4.3799259e-02
   3.3400000e+02   4.8207257e-02
   3.3500000e+02   5.5007364e-02
   3.3600000e+02   6.3564065e-02
   3.3700000e+02   7.2120766e-02
   3.3800000e+02   7.8886230e-02
   3.3900000e+02   8.3699374e-02
   3.4000000e+02   8.8512518e-02
   3.4100000e+02   9.3325663e-02
   3.4200000e+02   9.8138807e-02
   3.4300000e+02   1.0295195e-01
   3.4400000e+02   1.0776510e-01
   3.4500000e+02   1.1257824e-01
   3.4600000e+02   1.1758468e-01
   3.4700000e+02   1.2328915e-01
   3.4800000e+02   1.2899362e-01
   3.4900000e+02   1.3469809e-01
   3.5000000e+02   1.4040255e-01
   3.5100000e+02   1.4808016e-01
   3.5200000e+02   1.5724805e-01
   3.5300000e+02   1.6641595e-01
   3.5400000e+02   1.7558384e-01
   3.5500000e+02   1.8475174e-01
   3.5600000e+02   1.9391963e-01
   3.5700000e+02   2.0308752e-01
   3.5800000e+02   2.1378287e-01
   3.5900000e+02   2.2743285e-01
   3.6000000e+02   2.4108282e-01
   3.6100000e+02   2.5473280e-01
   3.6200000e+02   2.6838278e-01
   3.6300000e+02   2.8203275e-01
   3.6400000e+02   2.9568273e-01
   3.6500000e+02   3.0914181e-01
   3.6600000e+02   3.2108554e-01
   3.6700000e+02   3.3302927e-01
   3.6800000e+02   3.4497300e-01
   3.6900000e+02   3.5691673e-01
   3.7000000e+02   3.6886046e-01
   3.7100000e+02   3.8080419e-01
   3.7200000e+02   3.9274791e-01
   3.7300000e+02   4.0469164e-01
   3.7400000e+02   4.1542280e-01
   3.7500000e+02   4.2594041e-01
   3.7600000e+02   4.3645803e-01
   3.7700000e+02   4.4697564e-01
   3.7800000e+02   4.5749325e-01
   3.7900000e+02   4.6801086e-01
   3.8000000e+02   4.7852847e-01
   3.8100000e+02   4.8904608e-01
   3.8200000e+02   4.9920471e-01
   3.8300000e+02   5.0911247e-01
   3.8400000e+02   5.1902023e-01
   3.8500000e+02   5.2892799e-01
   3.8600000e+02   5.3883575e-01
   3.8700000e+02   5.4874351e-01
   3.8800000e+02   5.5865127e-01
   3.8900000e+02   5.6855903e-01
   3.9000000e+02   5.7846679e-01
   3.9100000e+02   5.8837454e-01
   3.9200000e+02   5.9556701e-01
   3.9300000e+02   6.0198454e-01
   3.9400000e+02   6.0840206e-01
   3.9500000e+02   6.1481959e-01
   3.9600000e+02   6.2123711e-01
   3.9700000e+02   6.2765464e-01
   3.9800000e+02   6.3407216e-01
   3.9900000e+02   6.4048969e-01
   4.0000000e+02   6.4690722e-01
   4.0100000e+02   6.5332474e-01
   4.0200000e+02   6.5974227e-01
   4.0300000e+02   6.6615979e-01
   4.0400000e+02   6.7197251e-01
   4.0500000e+02   6.7682131e-01
   4.0600000e+02   6.8167010e-01
   4.0700000e+02   6.8651890e-01
   4.0800000e+02   6.9136770e-01
   4.0900000e+02   6.9621649e-01
   4.1000000e+02   7.0106529e-01
   4.1100000e+02   7.0591409e-01
   4.1200000e+02   7.1076289e-01
   4.1300000e+02   7.1561168e-01
   4.1400000e+02   7.2043352e-01
   4.1500000e+02   7.2482157e-01
   4.1600000e+02   7.2920962e-01
   4.1700000e+02   7.3359767e-01
   4.1800000e+02   7.3798573e-01
   4.1900000e+02   7.4237378e-01
   4.2000000e+02   7.4676183e-01
   4.2100000e+02   7.5037187e-01
   4.2200000e+02   7.5251105e-01
   4.2300000e+02   7.5465022e-01
   4.2400000e+02   7.5678940e-01
   4.2500000e+02   7.5852970e-01
   4.2600000e+02   7.5881492e-01
   4.2700000e+02   7.5910015e-01
   4.2800000e+02   7.5938537e-01
   4.2900000e+02   7.5967059e-01
   4.3000000e+02   7.5991654e-01
   4.3100000e+02   7.5944117e-01
   4.3200000e+02   7.5896580e-01
   4.3300000e+02   7.5849043e-01
   4.3400000e+02   7.5801505e-01
   4.3500000e+02   7.5753968e-01
   4.3600000e+02   7.5706431e-01
   4.3700000e+02   7.5292914e-01
   4.3800000e+02   7.4963181e-01
   4.3900000e+02   7.4963181e-01
   4.4000000e+02   7.4963181e-01
   4.4100000e+02   7.4963181e-01
   4.4200000e+02   7.4963181e-01
   4.4300000e+02   7.4963181e-01
   4.4400000e+02   7.4963181e-01
   4.4500000e+02   7.4963181e-01
   4.4600000e+02   7.4963181e-01
   4.4700000e+02   7.4963181e-01
   4.4800000e+02   7.4963181e-01
   4.4900000e+02   7.4963181e-01
   4.5000000e+02   7.4963181e-01
   4.5100000e+02   7.4963181e-01
   4.5200000e+02   7.4963181e-01
   4.5300000e+02   7.4821060e-01
   4.5400000e+02   7.4393225e-01
   4.5500000e+02   7.4017704e-01
   4.5600000e+02   7.3785960e-01
   4.5700000e+02   7.3554216e-01
   4.5800000e+02   7.3322472e-01
   4.5900000e+02   7.3090728e-01
   4.6000000e+02   7.2858984e-01
   4.6100000e+02   7.2627240e-01
   4.6200000e+02   7.2395496e-01
   4.6300000e+02   7.2162940e-01
   4.6400000e+02   7.1773999e-01
   4.6500000e+02   7.1385058e-01
   4.6600000e+02   7.0996117e-01
   4.6700000e+02   7.0607176e-01
   4.6800000e+02   7.0218235e-01
   4.6900000e+02   6.9854599e-01
   4.7000000e+02   6.9543446e-01
   4.7100000e+02   6.9232293e-01
   4.7200000e+02   6.8921141e-01
   4.7300000e+02   6.8609988e-01
   4.7400000e+02   6.8298835e-01
   4.7500000e+02   6.8203854e-01
   4.7600000e+02   6.8227622e-01
   4.7700000e+02   6.8251391e-01
   4.7800000e+02   6.8275160e-01
   4.7900000e+02   6.8298928e-01
   4.8000000e+02   6.8322697e-01
   4.8100000e+02   6.8394029e-01
   4.8200000e+02   6.8523676e-01
   4.8300000e+02   6.8653323e-01
   4.8400000e+02   6.8782970e-01
   4.8500000e+02   6.8912617e-01
   4.8600000e+02   6.9042264e-01
   4.8700000e+02   6.9166211e-01
   4.8800000e+02   6.9288449e-01
   4.8900000e+02   6.9410688e-01
   4.9000000e+02   6.9532927e-01
   4.9100000e+02   6.9655165e-01
   4.9200000e+02   6.9777404e-01
   4.9300000e+02   6.9899642e-01
   4.9400000e+02   7.0019290e-01
   4.9500000e+02   7.0136735e-01
   4.9600000e+02   7.0254180e-01
   4.9700000e+02   7.0371625e-01
   4.9800000e+02   7.0489070e-01
   4.9900000e+02   7.0606515e-01
   5.0000000e+02   7.0723960e-01
   5.0100000e+02   7.0841405e-01
   5.0200000e+02   7.0958850e-01
   5.0300000e+02   7.1071319e-01
   5.0400000e+02   7.1182240e-01
   5.0500000e+02   7.1293160e-01
   5.0600000e+02   7.1404080e-01
   5.0700000e+02   7.1515000e-01
   5.0800000e+02   7.1625920e-01
   5.0900000e+02   7.1736841e-01
   5.1000000e+02   7.1847761e-01
   5.1100000e+02   7.1958681e-01
   5.1200000e+02   7.2079987e-01
   5.1300000e+02   7.2213091e-01
   5.1400000e+02   7.2346195e-01
   5.1500000e+02   7.2479300e-01
   5.1600000e+02   7.2612404e-01
   5.1700000e+02   7.2745508e-01
   5.1800000e+02   7.2878612e-01
   5.1900000e+02   7.3011717e-01
   5.2000000e+02   7.3179810e-01
   5.2100000e+02   7.3361316e-01
   5.2200000e+02   7.3542821e-01
   5.2300000e+02   7.3724327e-01
   5.2400000e+02   7.3905833e-01
   5.2500000e+02   7.4095893e-01
   5.2600000e+02   7.4476190e-01
   5.2700000e+02   7.4856488e-01
   5.2800000e+02   7.5236786e-01
   5.2900000e+02   7.5617084e-01
   5.3000000e+02   7.5997382e-01
   5.3100000e+02   7.6377680e-01
   5.3200000e+02   7.6757977e-01
   5.3300000e+02   7.7138275e-01
   5.3400000e+02   7.7518573e-01
   5.3500000e+02   7.8098184e-01
   5.3600000e+02   7.8744690e-01
   5.3700000e+02   7.9391196e-01
   5.3800000e+02   8.0037703e-01
   5.3900000e+02   8.0684209e-01
   5.4000000e+02   8.1330715e-01
   5.4100000e+02   8.1977221e-01
   5.4200000e+02   8.2623156e-01
   5.4300000e+02   8.3103532e-01
   5.4400000e+02   8.3583908e-01
   5.4500000e+02   8.4064284e-01
   5.4600000e+02   8.4544661e-01
   5.4700000e+02   8.5025037e-01
   5.4800000e+02   8.5505413e-01
   5.4900000e+02   8.5985789e-01
   5.5000000e+02   8.6466165e-01
   5.5100000e+02   8.6946542e-01
   5.5200000e+02   8.7396171e-01
   5.5300000e+02   8.7717047e-01
   5.5400000e+02   8.8037923e-01
   5.5500000e+02   8.8358800e-01
   5.5600000e+02   8.8679676e-01
   5.5700000e+02   8.9000552e-01
   5.5800000e+02   8.9321429e-01
   5.5900000e+02   8.9642305e-01
   5.6000000e+02   8.9963181e-01
   5.6100000e+02   9.0284057e-01
   5.6200000e+02   9.0604934e-01
   5.6300000e+02   9.0925810e-01
   5.6400000e+02   9.1246686e-01
   5.6500000e+02   9.1565368e-01
   5.6600000e+02   9.1883501e-01
   5.6700000e+02   9.2201635e-01
   5.6800000e+02   9.2519769e-01
   5.6900000e+02   9.2837903e-01
   5.7000000e+02   9.3156036e-01
   5.7100000e+02   9.3474170e-01
   5.7200000e+02   9.3792304e-01
   5.7300000e+02   9.4110438e-01
   5.7400000e+02   9.4428571e-01
   5.7500000e+02   9.4746705e-01
   5.7600000e+02   9.5064839e-01
   5.7700000e+02   9.5382973e-01
   5.7800000e+02   9.5670146e-01
   5.7900000e+02   9.5905765e-01
   5.8000000e+02   9.6141384e-01
   5.8100000e+02   9.6377004e-01
   5.8200000e+02   9.6612623e-01
   5.8300000e+02   9.6848242e-01
   5.8400000e+02   9.7083862e-01
   5.8500000e+02   9.7319481e-01
   5.8600000e+02   9.7555100e-01
   5.8700000e+02   9.7790720e-01
   5.8800000e+02   9.8026339e-01
   5.8900000e+02   9.8261958e-01
   5.9000000e+02   9.8456629e-01
   5.9100000e+02   9.8610211e-01
   5.9200000e+02   9.8763793e-01
   5.9300000e+02   9.8917375e-01
   5.9400000e+02   9.9070957e-01
   5.9500000e+02   9.9224538e-01
   5.9600000e+02   9.9378120e-01
   5.9700000e+02   9.9523073e-01
   5.9800000e+02   9.9665685e-01
   5.9900000e+02   9.9808297e-01
   6.0000000e+02   9.9950908e-01
   6.0100000e+02   1.0000000e+00
   6.0200000e+02   1.0000000e+00
   6.0300000e+02   1.0000000e+00
   6.0400000e+02   1.0000000e+00
   6.0500000e+02   1.0000000e+00
   6.0600000e+02   1.0000000e+00
   6.0700000e+02   1.0000000e+00
   6.0800000e+02   1.0000000e+00
   6.0900000e+02   1.0000000e+00
   6.1000000e+02   1.0000000e+00
   6.1100000e+02   1.0000000e+00
   6.1200000e+02   1.0000000e+00
   6.1300000e+02   1.0000000e+00
   6.1400000e+02   1.0000000e+00
   6.1500000e+02   1.0000000e+00
   6.1600000e+02   1.0000000e+00
   6.1700000e+02   1.0000000e+00
   6.1800000e+02   1.0000000e+00
   6.1900000e+02   1.0000000e+00
   6.2000000e+02   1.0000000e+00
   6.2100000e+02   1.0000000e+00
   6.2200000e+02   1.0000000e+00
   6.2300000e+02   1.0000000e+00
   6.2400000e+02   1.0000000e+00
   6.2500000e+02   1.0000000e+00
   6.2600000e+02   1.0000000e+00
   6.2700000e+02   9.9713108e-01
   6.2800000e+02   9.9370839e-01
   6.2900000e+02   9.9063150e-01
   6.3000000e+02   9.8855715e-01
   6.3100000e+02   9.8648280e-01
   6.3200000e+02   9.8440844e-01
   6.3300000e+02   9.8233409e-01
   6.3400000e+02   9.8025974e-01
   6.3500000e+02   9.7714952e-01
   6.3600000e+02   9.7327863e-01
   6.3700000e+02   9.6940774e-01
   6.3800000e+02   9.6553685e-01
   6.3900000e+02   9.6166597e-01
   6.4000000e+02   9.5779508e-01
   6.4100000e+02   9.5392419e-01
   6.4200000e+02   9.5087023e-01
   6.4300000e+02   9.4934904e-01
   6.4400000e+02   9.4782785e-01
   6.4500000e+02   9.4630666e-01
   6.4600000e+02   9.4478547e-01
   6.4700000e+02   9.4326428e-01
   6.4800000e+02   9.4174309e-01
   6.4900000e+02   9.4022189e-01
   6.5000000e+02   9.3861479e-01
   6.5100000e+02   9.3695099e-01
   6.5200000e+02   9.3528719e-01
   6.5300000e+02   9.3362338e-01
   6.5400000e+02   9.3195958e-01
   6.5500000e+02   9.3029578e-01
   6.5600000e+02   9.2930781e-01
   6.5700000e+02   9.2930781e-01
   6.5800000e+02   9.2930781e-01
   6.5900000e+02   9.2930781e-01
   6.6000000e+02   9.2930781e-01
   6.6100000e+02   9.2930781e-01
   6.6200000e+02   9.2930781e-01
   6.6300000e+02   9.2930781e-01
   6.6400000e+02   9.2930781e-01
   6.6500000e+02   9.2930781e-01
   6.6600000e+02   9.2930781e-01
   6.6700000e+02   9.2930781e-01
   6.6800000e+02   9.2930781e-01
   6.6900000e+02   9.2930781e-01
   6.7000000e+02   9.2779297e-01
   6.7100000e+02   9.2453328e-01
   6.7200000e+02   9.2127358e-01
   6.7300000e+02   9.1801389e-01
   6.7400000e+02   9.1163616e-01
   6.7500000e+02   9.0470931e-01
   6.7600000e+02   8.9778245e-01
   6.7700000e+02   8.8899165e-01
   6.7800000e+02   8.7416004e-01
   6.7900000e+02   8.5932842e-01
   6.8000000e+02   8.4160530e-01
   6.8100000e+02   8.2235272e-01
   6.8200000e+02   7.9988218e-01
   6.8300000e+02   7.7526632e-01
   6.8400000e+02   7.5316151e-01
   6.8500000e+02   7.3105670e-01
   6.8600000e+02   7.0408935e-01
   6.8700000e+02   6.7699313e-01
   6.8800000e+02   6.3045655e-01
   6.8900000e+02   6.1278678e-01
   6.9000000e+02   5.9947635e-01
   6.9100000e+02   5.8616593e-01
   6.9200000e+02   5.6878743e-01
   6.9300000e+02   5.5024791e-01
   6.9400000e+02   5.3170839e-01
   6.9500000e+02   5.1316888e-01
   6.9600000e+02   4.9789036e-01
   6.9700000e+02   4.8438979e-01
   6.9800000e+02   4.7088922e-01
   6.9900000e+02   4.5738864e-01
   7.0000000e+02   4.4388807e-01
   7.0100000e+02   4.3038750e-01
   7.0200000e+02   4.1688693e-01
   7.0300000e+02   4.0338635e-01
   7.0400000e+02   3.9211520e-01
   7.0500000e+02   3.8108657e-01
   7.0600000e+02   3.7005793e-01
   7.0700000e+02   3.5902929e-01
   7.0800000e+02   3.4800065e-01
   7.0900000e+02   3.3697202e-01
   7.1000000e+02   3.2594338e-01
   7.1100000e+02   3.1521257e-01
   7.1200000e+02   3.0608542e-01
   7.1300000e+02   2.9695827e-01
   7.1400000e+02   2.8783112e-01
   7.1500000e+02   2.7870398e-01
   7.1600000e+02   2.6957683e-01
   7.1700000e+02   2.6044968e-01
   7.1800000e+02   2.5132253e-01
   7.1900000e+02   2.4272337e-01
   7.2000000e+02   2.3487973e-01
   7.2100000e+02   2.2703608e-01
   7.2200000e+02   2.1919244e-01
   7.2300000e+02   2.1134880e-01
   7.2400000e+02   2.0350515e-01
   7.2500000e+02   1.9550810e-01
   7.2600000e+02   1.8695140e-01
   7.2700000e+02   1.7839470e-01
   7.2800000e+02   1.6983800e-01
   7.2900000e+02   1.6128130e-01
   7.3000000e+02   1.5272459e-01
   7.3100000e+02   1.4416789e-01
   7.3200000e+02   1.3704467e-01
   7.3300000e+02   1.3134021e-01
   7.3400000e+02   1.2563574e-01
   7.3500000e+02   1.1993127e-01
   7.3600000e+02   1.1422680e-01
   7.3700000e+02   1.0852234e-01
   7.3800000e+02   1.0281787e-01
   7.3900000e+02   9.7113402e-02
   7.4000000e+02   9.1408935e-02
   7.4100000e+02   8.5704467e-02
   7.4200000e+02   8.0000000e-02
   7.4300000e+02   7.5235641e-02
   7.4400000e+02   7.0957290e-02
   7.4500000e+02   6.6678940e-02
   7.4600000e+02   6.2400589e-02
   7.4700000e+02   5.8122239e-02
   7.4800000e+02   5.3843888e-02
   7.4900000e+02   5.0585978e-02
   7.5000000e+02   4.8511626e-02
   7.5100000e+02   4.6437274e-02
   7.5200000e+02   4.4362922e-02
   7.5300000e+02   4.2288571e-02
   7.5400000e+02   4.0214219e-02
   7.5500000e+02   3.8139867e-02
   7.5600000e+02   3.6065515e-02
   7.5700000e+02   3.3991163e-02
   7.5800000e+02   3.1916812e-02
   7.5900000e+02   2.9842460e-02
   7.6000000e+02   2.7835052e-02
   7.6100000e+02   2.6408935e-02
   7.6200000e+02   2.4982818e-02
   7.6300000e+02   2.3556701e-02
   7.6400000e+02   2.2130584e-02
   7.6500000e+02   2.0704467e-02
   7.6600000e+02   1.9278351e-02
   7.6700000e+02   1.7852234e-02
   7.6800000e+02   1.6426117e-02
   7.6900000e+02   1.4199804e-02
   7.7000000e+02   1.1822942e-02
   7.7100000e+02   9.4460808e-03
   7.7200000e+02   8.6345466e-03
   7.7300000e+02   8.3629053e-03
   7.7400000e+02   8.0912640e-03
   7.7500000e+02   7.8196227e-03
   7.7600000e+02   7.5479814e-03
   7.7700000e+02   7.2763401e-03
   7.7800000e+02   7.0046988e-03
   7.7900000e+02   6.7330575e-03
   7.8000000e+02   6.4614162e-03
   7.8100000e+02   6.1897749e-03
   7.8200000e+02   5.9181336e-03
   7.8300000e+02   5.5829161e-03
   7.8400000e+02   5.2406480e-03
   7.8500000e+02   4.8983800e-03
   7.8600000e+02   4.5561119e-03
   7.8700000e+02   4.2138439e-03
   7.8800000e+02   3.8715758e-03
   7.8900000e+02   3.5293078e-03
   7.9000000e+02   3.1870398e-03
   7.9100000e+02   2.8447717e-03
   7.9200000e+02   2.5025037e-03
   7.9300000e+02   2.1602356e-03
   7.9400000e+02   1.8179676e-03
   7.9500000e+02   1.4756996e-03
   7.9600000e+02   0.0000000e+00
   7.9700000e+02   0.0000000e+00
   7.9800000e+02   0.0000000e+00
   7.9900000e+02   0.0000000e+00
   8.0000000e+02   0.0000000e+00
