lambda	RQE	A_r	A_fr	sigma_r	sigma_fr
300	0	0.4	0.39	2233	920
302	0	0.33	0.33	1838	784
304	0	0.3	0.29	1656	706
306	0	0.27	0.28	1499	668
308	0	0.25	0.27	1412	645
310	0	0.23	0.25	1294	610
312	0	0.22	0.25	1221	599
314	0	0.2	0.23	1127	569
316	0.01	0.18	0.22	1029	534
318	0.01	0.17	0.21	953	505
320	0.01	0.16	0.19	893	468
322	0.01	0.15	0.18	834	432
324	0.01	0.14	0.16	767	393
326	0.02	0.13	0.15	747	369
328	0.03	0.13	0.14	726	340
330	0.04	0.13	0.13	713	319
332	0.05	0.13	0.13	713	308
334	0.07	0.13	0.12	725	285
336	0.08	0.13	0.12	751	281
338	0.09	0.14	0.11	780	266
340	0.1	0.14	0.11	811	259
342	0.11	0.15	0.11	841	257
344	0.12	0.16	0.11	879	255
346	0.13	0.17	0.11	952	252
348	0.14	0.18	0.12	989	257
350	0.16	0.19	0.12	1048	261
352	0.18	0.2	0.12	1124	271
354	0.2	0.21	0.13	1190	274
356	0.22	0.22	0.13	1263	282
358	0.25	0.24	0.13	1326	291
360	0.27	0.25	0.14	1389	301
362	0.3	0.26	0.14	1436	312
364	0.33	0.26	0.15	1468	326
366	0.35	0.26	0.15	1484	335
368	0.38	0.27	0.16	1517	349
370	0.4	0.27	0.17	1529	365
372	0.42	0.27	0.17	1540	381
374	0.44	0.28	0.18	1545	397
376	0.46	0.28	0.18	1577	411
378	0.48	0.28	0.19	1577	426
380	0.5	0.28	0.2	1586	442
382	0.52	0.28	0.2	1572	451
384	0.54	0.28	0.2	1557	464
386	0.55	0.27	0.21	1505	485
388	0.57	0.26	0.21	1464	496
390	0.59	0.25	0.22	1381	511
392	0.6	0.23	0.22	1294	524
394	0.62	0.22	0.22	1215	534
396	0.63	0.2	0.22	1097	540
398	0.65	0.18	0.23	1004	553
400	0.66	0.16	0.23	904	559
402	0.67	0.14	0.23	810	563
404	0.68	0.13	0.23	733	568
406	0.69	0.12	0.23	668	571
408	0.7	0.11	0.22	604	573
410	0.71	0.1	0.22	561	570
412	0.72	0.09	0.22	519	564
414	0.73	0.08	0.22	471	557
416	0.74	0.08	0.21	427	543
418	0.74	0.07	0.2	408	528
420	0.75	0.07	0.2	366	507
422	0.75	0.06	0.19	348	489
424	0.76	0.06	0.17	320	454
426	0.76	0.05	0.17	308	431
428	0.76	0.05	0.16	292	401
430	0.76	0.05	0.15	274	377
432	0.76	0.05	0.14	263	353
434	0.76	0.04	0.13	244	325
436	0.75	0.04	0.12	244	300
438	0.75	0.04	0.11	230	273
440	0.75	0.04	0.1	230	261
442	0.75	0.04	0.09	209	233
444	0.75	0.03	0.08	196	217
446	0.75	0.03	0.08	184	202
448	0.75	0.03	0.07	172	186
450	0.75	0.03	0.07	162	169
452	0.75	0.03	0.06	162	155
454	0.74	0.03	0.06	150	144
456	0.74	0.03	0.05	143	132
458	0.73	0.02	0.05	128	126
460	0.73	0.02	0.04	128	112
462	0.72	0.02	0.04	119	106
464	0.71	0.02	0.04	119	99.1
466	0.7	0.02	0.04	107	93.1
468	0.7	0.02	0.03	107	87.7
470	0.69	0.02	0.03	101	81.9
472	0.69	0.02	0.03	101	75.7
474	0.68	0.02	0.03	92.9	72.2
476	0.68	0.02	0.03	92.9	71.8
478	0.68	0.02	0.02	84.6	62.5
480	0.69	0.02	0.02	84.6	57.8
482	0.69	0.02	0.02	84.6	53.1
484	0.69	0.01	0.02	74.8	49.6
486	0.69	0.01	0.02	74.8	49.6
488	0.69	0.01	0.02	74.8	49.6
490	0.7	0.01	0.02	74.8	44.9
492	0.7	0.01	0.02	68.7	45.2
494	0.7	0.01	0.02	68.7	41.6
496	0.7	0.01	0.02	68.7	41.6
498	0.71	0.01	0.02	68.7	36.9
500	0.71	0.01	0.02	68.7	36.9
502	0.71	0.01	0.02	77	36.5
504	0.71	0.01	0.02	77	37.6
506	0.72	0.01	0.01	77	32.9
508	0.72	0.01	0.01	77	32.9
510	0.72	0.01	0.01	77	32.9
512	0.72	0.01	0.01	77	32.9
514	0.73	0.02	0.01	88.4	33.3
516	0.73	0.02	0.01	93.7	27.3
518	0.73	0.02	0.01	110	26.4
520	0.73	0.02	0.01	110	26.4
522	0.74	0.02	0.01	109	26.3
524	0.74	0.02	0.01	122	30.9
526	0.75	0.02	0.01	130	30.4
528	0.75	0.02	0.01	130	30.4
530	0.76	0.02	0.01	137	30
532	0.77	0.03	0.01	153	29.2
534	0.78	0.03	0.01	168	28.4
536	0.8	0.03	0.01	168	28.4
538	0.81	0.03	0.02	186	32.9
540	0.82	0.04	0.02	202	32.1
542	0.83	0.04	0.02	221	33.3
544	0.84	0.04	0.02	239	32.3
546	0.85	0.05	0.02	252	35.2
548	0.86	0.05	0.02	270	34.3
550	0.87	0.05	0.02	304	39.3
552	0.88	0.06	0.02	311	39
554	0.88	0.06	0.02	343	37.3
556	0.89	0.07	0.02	369	43.9
558	0.9	0.07	0.02	403	42.1
560	0.91	0.08	0.03	421	45.8
562	0.91	0.08	0.03	435	45.1
564	0.92	0.08	0.03	468	49.9
566	0.93	0.09	0.03	504	55.6
568	0.93	0.09	0.03	523	54.6
570	0.94	0.1	0.03	560	61.3
572	0.94	0.11	0.03	595	59.5
574	0.95	0.11	0.04	640	65.8
576	0.95	0.12	0.04	679	69.5
578	0.96	0.13	0.04	735	73.1
580	0.96	0.14	0.04	789	76.7
582	0.97	0.15	0.05	844	80.7
584	0.97	0.16	0.05	908	84.2
586	0.98	0.17	0.04	967	93
588	0.98	0.19	0.06	1052	95.1
590	0.99	0.2	0.06	1122	99.7
592	0.99	0.21	0.06	1201	110
594	0.99	0.23	0.07	1304	121
596	1	0.25	0.07	1381	124
598	1	0.26	0.08	1477	136
600	1	0.28	0.09	1576	146
602	1	0.03	0.09	1665	148
604	1	0.31	0.09	1745	157
606	1	0.32	0.1	1815	161
608	1	0.34	0.1	1894	171
610	1	0.35	0.1	1950	179
612	1	0.36	0.11	2015	192
614	1	0.37	0.11	2063	199
616	1	0.38	0.12	2104	212
618	1	0.38	0.12	2141	218
620	1	0.39	0.13	2184	232
622	1	0.4	0.14	2247	244
624	1	0.41	0.14	2303	257
626	1	0.42	0.15	2361	269
628	0.99	0.44	0.15	2454	282
630	0.99	0.45	0.16	2540	301
632	0.99	0.47	0.17	2657	321
634	0.98	0.5	0.18	2803	333
636	0.97	0.52	0.19	2917	352
638	0.97	0.55	0.2	3070	376
640	0.96	0.57	0.21	3220	396
642	0.95	0.61	0.22	3418	416
644	0.95	0.64	0.23	3613	439
646	0.95	0.68	0.25	3791	460
648	0.94	0.71	0.26	3982	485
650	0.94	0.76	0.27	4242	510
652	0.94	0.79	0.28	4444	531
654	0.93	0.83	0.3	4624	558
656	0.93	0.87	0.31	4887	587
658	0.93	0.91	0.33	5089	611
660	0.93	0.94	0.34	5250	634
662	0.93	0.97	0.35	5417	660
664	0.93	0.99	0.36	5535	680
666	0.93	1	0.37	5601	705
668	0.93	1	0.38	5582	724
670	0.93	0.99	0.38	5519	740
672	0.92	0.95	0.39	5322	754
674	0.92	0.91	0.39	5115	765
676	0.9	0.85	0.39	4764	784
678	0.88	0.78	0.38	4378	798
680	0.84	0.72	0.38	4052	809
682	0.8	0.64	0.38	3594	826
684	0.76	0.56	0.38	3119	842
686	0.71	0.48	0.37	2689	857
688	0.66	0.41	0.37	2307	878
690	0.61	0.34	0.37	1906	899
692	0.57	0.28	0.37	1563	917
694	0.53	0.23	0.38	1276	942
696	0.5	0.18	0.38	1014	965
698	0.47	0.14	0.39	809	994
700	0.44	0.12	0.4	649	1027
702	0.41	0.09	0.4	527	1054
704	0.39	0.08	0.41	427	1089
706	0.37	0.06	0.43	331	1125
708	0.34	0.05	0.43	277	1151
710	0.32	0.04	0.45	236	1195
712	0.31	0.03	0.46	187	1232
714	0.29	0.03	0.48	169	1268
716	0.27	0.03	0.49	147	1298
718	0.25	0.02	0.5	135	1337
720	0.24	0.02	0.51	117	1374
722	0.22	0.02	0.53	103	1405
724	0.21	0.02	0.54	103	1438
726	0.19	0.02	0.55	92.1	1459
728	0.18	0.02	0.55	92.1	1483
730	0.16	0.01	0.56	80.8	1502
732	0.14	0.01	0.56	80.8	1508
734	0.13	0.01	0.56	73.3	1513
736	0.12	0.01	0.56	73.3	1505
738	0.1	0.01	0.56	73.3	1488
740	0.09	0.01	0.55	73.3	1467
742	0.08	0.01	0.54	73.3	1435
744	0.07	0.01	0.52	73.3	1394
746	0.06	0.01	0.5	73.3	1338
748	0.06	0.01	0.48	61.9	1281
750	0.04	0.01	0.45	61.9	1209
752	0.04	0.01	0.42	61.9	1132
754	0.03	0.01	0.4	61.9	1056
756	0.03	0.01	0.37	61.9	983
758	0.03	0.01	0.34	61.9	903
760	0.03	0.01	0.31	61.9	839
762	0.02	0.01	0.28	61.9	738
764	0.02	0.01	0.25	61.9	677
766	0.02	0.01	0.23	61.9	616
768	0.02	0.01	0.2	61.9	539
770	0.01	0.01	0.18	49.8	475
772	0.01	0.01	0.16	49.8	422
774	0.01	0.01	0.14	49.8	367
776	0.01	0.01	0.12	49.8	322
778	0.01	0.01	0.11	49.8	287
780	0.01	0.01	0.09	49.8	248
782	0.01	0.01	0.08	49.8	224
784	0	0.01	0.07	49.8	196
786	0	0.01	0.07	49.8	177
788	0	0.01	0.06	49.8	153
790	0	0.01	0.05	49.8	138
792	0	0.01	0.05	49.8	130
794	0	0.01	0.04	49.8	117
796	0	0.01	0.04	49.8	102
798	0	0.01	0.04	49.8	92.2
800	0	0.01	0.04	49.8	92.2
